structure(c(2, 1, 2, 1, 1, 2, 1, 2, 2, 2, 2, 2, 2, 2, 2, 2, 2, 
2, 2, 2, 1, 1, 1, 2, 2, 2, 1, 1, 2, 1, 2, 1, 2, 1, 2, 2, 2, 1, 
2, 2, 2, 2, 2, 1, 2, 2, 2, 1, 1, 2, 1, 1, 2, 2, 2, 2, 1, 2, 2, 
1, 1, 2, 2, 2, 2, 1, 2, 2, 2, 2, 1, 2, 2, 2, 2, 2, 1, 1, 1, 2, 
2, 2, 1, 2, 2, 2, 2, 2, 1, 1, 2, 1, 2, 1, 1, 2, 2, 2, 2, 1, 1, 
2, 2, 2, 2, 2, 2, 1, 2, 1, 2, 2, 2, 2, 2, 2, 2, 2, 2, 1, 2, 2, 
2, 1, 2, 1, 1, 2, 2, 2, 2, 2, 2, 2, 2, 1, 2, 1, 1, 1, 2, 2, 2, 
2, 2, 2, 2, 1, 2, 1, 2, 2, 2, 1, 1, 2, 1, 1, 2, 1, 1, 2, 1, 2, 
1, 2, 2, 2, 1, 2, 1, 1, 1, 2, 2, 1, 1, 1, 2, 2, 2, 1, 2, 1, 2, 
2, 1, 1, 1, 2, 2, 2, 2, 1, 1, 2, 2, 2, 2, 1, 2, 2, 2, 1, 1, 2, 
1, 2, 2, 2, 1, 2, 2, 2, 2, 2, 1, 1, 1, 2, 2, 2, 1, 2, 2, 1, 1, 
2, 2, 2, 2, 2, 2, 2, 2, 2, 2, 1, 2, 2, 2, 2, 2, 1, 1, 1, 1, 2, 
1, 2, 1, 1, 2, 2, 2, 2, 2, 2, 1, 2, 2, 1, 1, 1, 2, 2, 2, 2, 2, 
1, 2, 2, 1, 2, 2, 2, 1, 1, 2, 1, 2, 1, 1, 1, 2, 2, 1, 2, 2, 1, 
2, 2, 2, 2, 2, 2, 1, 1, 2, 2, 1, 2, 2, 1, 1, 1, 1, 2, 2, 2, 2, 
2, 1, 1, 2, 2, 1, 2, 2, 2, 2, 2, 2, 2, 2, 2, 1, 2, 2, 2, 1, 2, 
2, 2, 1, 2, 1, 2, 2, 2, 1, 1, 1, 2, 1, 1, 1, 2, 2, 2, 2, 1, 1, 
1, 1, 1, 2, 2, 2, 1, 2, 1, 1, 2, 2, 2, 1, 2, 2, 2, 1, 2, 2, 2, 
2, 2, 2, 2, 2, 2, 2, 1, 2, 1, 2, 2, 2, 1, 1, 2, 2, 1, 2, 1, 1, 
2, 2, 2, 2, 1, 1, 2, 2, 2, 1, 1, 2, 2, 1, 1, 2, 2, 2, 2, 2, 2, 
2, 2, 1, 2, 2, 1, 2, 2, 2, 1, 1, 2, 1, 2, 1, 1, 1, 1, 2, 2, 2, 
1, 2, 2, 1, 1, 1, 2, 2, 2, 2, 2, 2, 2, 2, 2, 1, 2, 2, 2, 2, 2, 
2, 2, 2, 2, 2, 2, 1, 1, 2, 2, 2, 2, 1, 2, 1, 1, 2, 1, 2, 1, 2, 
2, 2, 2, 1, 1, 1, 2, 1, 2, 2, 2, 2, 1, 2, 2, 1, 2, 2, 2, 2, 2, 
2, 2, 2, 2, 1, 2, 2, 1, 2, 2, 2, 1, 2, 2, 1, 2, 2, 2, 2, 2, 2, 
2, 2, 2, 2, 2, 2, 2, 1, 2, 2, 2, 2, 2, 2, 2, 2, 1, 1, 2, 1, 1, 
1, 2, 1, 1, 2, 2, 2, 2, 2, 2, 1, 1, 1, 1, 1, 1, 2, 1, 2, 2, 2, 
2, 2, 1, 2, 2, 2, 2, 2, 2, 2, 1, 1, 2, 2, 1, 2, 1, 2, 1, 1, 1, 
1, 2, 2, 2, 2, 1, 2, 1, 2, 2, 2, 2, 2, 1, 2, 2, 2, 2, 2, 1, 1, 
1, 1, 2, 2, 2, 1, 2, 2, 2, 2, 2, 2, 2, 1, 1, 2, 2, 2, 1, 2, 2, 
1, 1, 2, 2, 1, 1, 1, 2, 2, 2, 2, 2, 1, 2, 1, 2, 2, 1, 2, 2, 2, 
2, 2, 2, 2, 2, 1, 2, 1, 2, 1, 2, 1, 2, 2, 1, 1, 2, 2, 1, 2, 2, 
2, 2, 2, 1, 2, 1, 1, 2, 2, 1, 2, 1, 2, 2, 1, 1, 2, 1, 1, 2, 2, 
2, 1, 1, 2, 1, 1, 1, 1, 1, 1, 2, 2, 2, 2, 2, 1, 2, 2, 1, 1, 2, 
2, 1, 2, 1, 2, 2, 1, 1, 2, 2, 2, 2, 2, 1, 2, 1, 2, 1, 1, 2, 2, 
1, 1, 2, 2, 1, 1, 1, 1, 2, 1, 2, 2, 1, 2, 2, 2, 2, 1, 2, 1, 2, 
2, 1, 2, 2, 2, 2, 1, 2, 1, 2, 2, 2, 1, 1, 2, 2, 1, 1, 1, 2, 2, 
1, 2, 2, 2, 2, 2, 1, 2, 2, 1, 1, 2, 1, 2, 2, 2, 1, 1, 2, 2, 2, 
1, 2, 2, 1, 2, 1, 1, 2, 2, 2, 1, 2, 2, 2, 2, 2, 2, 2, 1, 1, 2, 
1, 2, 1, 2, 2, 2, 1, 2, 2, 2, 2, 2, 2, 1, 2, 2, 1, 2, 2, 1, 2, 
1, 2, 2, 2, 2, 1, 2, 2, 1, 2, 2, 2, 1, 2, 1, 2, 2, 2, 2, 1, 1, 
2, 2, 2, 1, 2, 2, 1, 1, 2, 2, 2, 2, 2, 2, 1, 2, 2, 2, 2, 2, 1, 
2, 1, 2, 2, 2, 1, 2, 2, 1, 2, 2, 1, 2, 1, 2, 2, 1, 2, 2, 2, 1, 
2, 2, 2, 2, 2, 2, 2, 1, 2, 2, 1, 2, 1, 2, 1, 2, 1, 1, 1, 1, 1, 
2, 1, 2, 2, 2, 1, 1, 2, 1, 1, 2, 2, 1, 1, 2, 2, 2, 2, 2, 2, 2, 
1, 2, 2, 2, 2, 2, 2, 2, 2, 1, 2, 2, 2, 2, 2, 2, 2, 2, 2, 2, 1, 
2, 2, 2, 2, 1, 1, 1, 2, 2, 2, 1, 2, 2, 2, 2, 2, 2, 1, 1, 2, 2, 
2, 2, 2, 1, 1, 2, 2, 2, 1, 1, 2, 2, 2, 2, 2, 1, 2, 2, 2, 2, 2, 
2, 2, 2, 2, 2, 1, 2, 2, 2, 1, 1, 1, 1, 1, 2, 2, 2, 2, 1, 2, 1, 
1, 1, 1, 1, 2, 1, 2, 1, 2, 1, 2, 1, 2, 1, 2, 2, 2, 2, 2, 2, 2, 
1, 2, 1, 1, 2, 2, 2, 2, 2, 2, 2, 1, 2, 2, 2, 1, 2, 2, 2, 2, 2, 
1, 2, 2, 1, 1, 1, 1, 1, 2, 2, 2, 1, 1, 2, 2, 1, 1, 2, 1, 2, 1, 
1, 2, 2, 1, 1, 1, 1, 2, 1, 2, 1, 1, 2, 2, 2, 2, 1, 1, 2, 2, 2, 
2, 2, 1, 1, 1, 2, 2, 1, 2, 1, 2, 1, 1, 1, 1, 2, 2, 2, 2, 2, 2, 
2, 1, 2, 1, 1, 1, 2, 1, 2, 2, 2, 2, 2, 2, 2, 2, 2, 2, 2, 1, 1, 
2, 2, 2, 2, 2, 1, 2, 2, 2, 2, 2, 2, 2, 2, 1, 2, 2, 2, 2, 2, 2, 
2, 1, 2, 1, 2, 2, 2, 2, 2, 1, 2, 1, 2, 1, 1, 1, 2, 2, 1, 1, 2, 
2, 1, 1, 2, 2, 1, 2, 2, 2, 2, 1, 2, 2, 1, 1, 2, 2, 1, 2, 2, 1, 
2, 2, 2, 2, 2, 2, 2, 2, 1, 1, 2, 2, 1, 1, 1, 1, 1, 2, 2, 2, 2, 
2, 2, 1, 2, 2, 2, 2, 2, 2, 2, 1, 1, 2, 2, 1, 1, 2, 2, 1, 2, 1, 
2, 2, 2, 2, 1, 2, 1, 2, 2, 1, 1, 1, 1, 2, 2, 2, 1, 2, 2, 2, 1, 
2, 1, 2, 2, 2, 2, 1, 2, 2, 2, 1, 2, 2, 2, 2, 2, 2, 2, 1, 2, 2, 
2, 2, 2, 2, 2, 1, 2, 1, 2, 1, 1, 1, 2, 1, 2, 2, 2, 2, 2, 2, 2, 
2, 1, 2, 2, 1, 2, 2, 2, 2, 1, 1, 2, 2, 2, 2, 2, 2, 1, 2, 2, 2, 
1, 2, 1, 1, 2, 1, 1, 1, 1, 2, 1, 1, 2, 2, 2, 2, 1, 2, 2, 2, 1, 
2, 2, 1, 2, 1, 1, 2, 2, 1, 1, 2, 1, 2, 1, 2, 2, 2, 2, 2, 2, 2, 
2, 1, 2, 2, 2, 1, 1, 2, 2, 1, 2, 1, 2, 2, 1, 2, 2, 2, 2, 2, 2, 
1, 2, 2, 1, 2, 2, 2, 2, 2, 2, 2, 1, 2, 1, 1, 2, 1, 1, 1, 2, 1, 
1, 2, 2, 2, 1, 1, 2, 2, 2, 2, 1, 1, 2, 2, 1, 1, 2, 2, 1, 2, 2, 
2, 1, 2, 2, 2, 2, 2, 2, 2, 2, 1, 2, 2, 1, 1, 2, 2, 1, 2, 2, 2, 
2, 1, 2, 2, 1, 2, 2, 2, 2, 2, 1, 2, 2, 1, 1, 1, 1, 2, 2, 1, 2, 
2, 1, 2, 2, 1, 2, 2, 1, 2, 2, 2, 2, 2, 1, 1, 2, 2, 1, 1, 1, 2, 
2, 2, 2, 1, 1, 2, 1, 1, 2, 1, 2, 1, 2, 2, 2, 2, 2, 2, 1, 2, 2, 
2, 2, 2, 2, 1, 2, 2, 2, 2, 2, 2, 2, 1, 2, 2, 2, 2, 2, 2, 2, 1, 
2, 2, 2, 1, 1, 2, 2, 2, 2, 1, 2, 2, 2, 1, 2, 2, 2, 1, 2, 2, 2, 
2, 2, 2, 2, 2, 1, 2, 2, 2, 2, 2, 1, 2, 1, 2, 2, 1, 2, 2, 2, 1, 
1, 1, 2, 1, 2, 2, 1, 1, 2, 2, 2, 1, 2, 1, 2, 2, 1, 1, 2, 2, 1, 
1, 2, 1, 2, 2, 2, 2, 1, 2, 2, 1, 2, 2, 2, 1, 2, 2, 2, 2, 1, 2, 
1, 2, 2, 2, 1, 2, 1, 1, 1, 2, 2, 2, 2, 2, 2, 2, 1, 2, 2, 1, 2, 
1, 1, 2, 2, 2, 2, 2, 1, 1, 2, 2, 2, 2, 1, 2, 2, 1, 2, 2, 2, 2, 
2, 2, 1, 1, 1, 2, 2, 1, 1, 2, 2, 2, 2, 2, 2, 1, 2, 2, 2, 1, 2, 
2, 2, 2, 2, 2, 2, 1, 1, 2, 2, 2, 1, 2, 2, 1, 2, 1, 2, 1, 1, 2, 
1, 2, 2, 2, 1, 2, 2, 2, 2, 2, 1, 2, 2, 1, 2, 2, 2, 2, 2, 2, 2, 
2, 2, 1, 2, 1, 2, 2, 2, 2, 2, 2, 1, 2, 1, 1, 1, 1, 2, 2, 2, 2, 
2, 2, 1, 1, 1, 2, 2, 2, 2, 2, 1, 2, 2, 2, 2, 2, 2, 1, 2, 2, 1, 
2, 1, 2, 1, 2, 2, 2, 2, 2, 2, 2, 2, 1, 2, 2, 1, 1, 1, 2, 2, 2, 
1, 2, 1, 2, 2, 2, 2, 1, 2, 2, 2, 2, 1, 1, 2, 1, 2, 1, 1, 2, 2, 
1, 2, 2, 2, 2, 1, 2, 2, 2, 2, 2, 2, 2, 1, 2, 1, 2, 2, 2, 2, 2, 
1, 2, 1, 1, 2, 2, 1, 2, 2, 2, 1, 2, 1, 2, 1, 1, 2, 1, 2, 1, 2, 
1, 1, 2, 2, 1, 2, 1, 1, 1, 1, 1, 2, 1, 2, 1, 2, 2, 1, 1, 1, 2, 
1, 2, 2, 2, 1, 2, 2, 2, 2, 1, 2, 2, 2, 2, 1, 1, 1, 1, 2, 1, 1, 
1, 2, 2, 1, 2, 2, 2, 2, 2, 1, 2, 2, 2, 2, 2, 2, 1, 2, 2, 2, 2, 
1, 2, 2, 2, 1, 2, 2, 1, 2, 2, 2, 1, 2, 2, 2, 2, 2, 1, 2, 2, 1, 
2, 2, 2, 2, 2, 1, 1, 2, 1, 1, 2, 2, 2, 2, 2, 2, 1, 2, 2, 1, 1, 
2, 2, 2, 2, 1, 1, 1, 2, 1, 2, 1, 2, 2, 2, 2, 2, 1, 2, 2, 2, 1, 
2, 2, 2, 2, 1, 1, 1, 2, 2, 1, 2, 1, 2, 2, 2, 2, 1, 2, 1, 2, 1, 
2, 2, 2, 1, 2, 2, 2, 1, 1, 2, 1, 1, 1, 2, 1, 2, 2, 1, 1, 2, 1, 
2, 2, 1, 1, 2, 1, 2, 2, 2, 2, 2, 2, 1, 2, 1, 2, 1, 2, 2, 2, 2, 
2, 1, 2, 2, 1, 2, 2, 2, 2, 2, 2, 2, 2, 1, 2, 2, 1, 1, 1, 1, 1, 
1, 2, 2, 1, 2, 1, 2, 2, 1, 2, 1, 2, 2, 2, 2, 1, 1, 1, 2, 1, 2, 
1, 2, 2, 2, 2, 2, 2, 1, 1, 2, 2, 1, 1, 1, 2, 1, 2, 1, 2, 1, 2, 
2, 2, 1, 2, 2, 2, 1, 2, 2, 2, 2, 2, 2, 2, 1, 1, 1, 2, 1, 1, 2, 
2, 1, 2, 2, 1, 2, 2, 2, 1, 2, 2, 2, 2, 1, 2, 1, 2, 1, 1, 1, 2, 
2, 2, 1, 1, 1, 2, 1, 2, 2, 2, 2, 2, 1, 2, 1, 2, 2, 1, 2, 2, 2, 
1, 1, 2, 2, 2, 1, 2, 1, 1, 2, 1, 2, 2, 2, 1, 1, 1, 2, 2, 2, 1, 
2, 1, 2, 2, 1, 1, 2, 1, 2, 1, 1, 1, 1, 2, 2, 2, 1, 1, 2, 2, 1, 
2, 2, 2, 1, 1, 1, 2, 2, 2, 2, 1, 1, 2, 2, 2, 1, 2, 2, 1, 1, 2, 
1, 2, 2, 1, 1, 1, 2, 2, 1, 2, 2, 2, 2, 2, 1, 1, 1, 2, 2, 2, 2, 
2, 2, 1, 2, 1, 2, 1, 2, 2, 2, 2, 2, 2, 2, 2, 1, 1, 1, 2, 2, 1, 
2, 2, 2, 2, 2, 1, 2, 1, 2, 2, 1, 2, 2, 2, 2, 1, 1, 2, 2, 1, 1, 
2, 2, 2, 1, 1, 2, 1, 2, 1, 2, 2, 1, 1, 1, 2, 2, 2, 2, 2, 1, 2, 
2, 2, 2, 2, 1, 2, 1, 2, 2, 2, 2, 2, 2, 2, 1, 2, 2, 1, 2, 1, 2, 
2, 1, 2, 2, 1, 2, 1, 2, 1, 1, 2, 1, 2, 1, 2, 1, 2, 1, 2, 1, 2, 
2, 1, 1, 2, 2, 2, 2, 1, 2, 1, 1, 1, 2, 2, 2, 1, 1, 2, 2, 2, 2, 
2, 2, 2, 2, 1, 1, 1, 2, 1, 2, 1, 2, 2, 1, 2, 1, 2, 1, 2, 1, 2, 
1, 2, 2, 2, 1, 2, 1, 1, 2, 1, 2, 2, 2, 1, 2, 2, 2, 2, 1, 2, 1, 
1, 1, 2, 2, 2, 2, 2, 2, 2, 2, 2, 2, 2, 2, 2, 2, 2, 2, 1, 2, 2, 
2, 2, 2, 1, 2, 2, 2, 2, 2, 1, 2, 2, 1, 2, 2, 1, 2, 1, 2, 1, 2, 
2, 1, 2, 2, 2, 2, 1, 2, 2, 2, 2, 2, 2, 2, 2, 2, 2, 1, 1, 2, 1, 
2, 2, 2, 2, 2, 1, 1, 1, 2, 2, 2, 2, 1, 1, 1, 1, 1, 2, 2, 2, 1, 
2, 1, 1, 2, 2, 2, 1, 2, 1, 2, 1, 2, 1, 2, 1, 2, 2, 2, 2, 2, 1, 
2, 2, 2, 2, 1, 1, 2, 1, 2, 1, 1, 1, 1, 2, 2, 2, 2, 2, 2, 2, 2, 
2, 2, 2, 2, 2, 2, 2, 2, 1, 1, 2, 1, 2, 1, 2, 2, 2, 2, 2, 1, 1, 
2, 1, 1, 2, 2, 2, 2, 1, 2, 1, 2, 1, 2, 2, 2, 1, 2, 2, 2, 1, 1, 
2, 2, 1, 1, 1, 1, 2, 2, 2, 2, 2, 2, 2, 2, 2, 2, 2, 1, 2, 2, 2, 
2, 2, 2, 1, 2, 2, 2, 2, 2, 2, 1, 1, 1, 1, 1, 1, 1, 2, 2, 2, 1, 
2, 2, 1, 2, 1, 2, 2, 1, 2, 2, 1, 2, 1, 2, 2, 2, 2, 2, 2, 2, 1, 
1, 1, 2, 1, 2, 1, 2, 2, 2, 1, 1, 2, 1, 2, 1, 2, 1, 1, 1, 2, 2, 
1, 2, 2, 2, 1, 2, 1, 2, 2, 2, 2, 2, 2, 2, 1, 1, 1, 2, 2, 1, 2, 
2, 1, 1, 2, 1, 1, 2, 1, 2, 1, 2, 1, 2, 2, 2, 2, 2, 2, 1, 2, 2, 
2, 1, 2, 1, 2, 1, 2, 1, 2, 1, 2, 2, 1, 2, 1, 1, 1, 1, 1, 1, 1, 
2, 2, 2, 1, 1, 2, 1, 2, 1, 2, 1, 2, 2, 2, 2, 1, 1, 2, 2, 2, 2, 
2, 2, 2, 1, 2, 2, 2, 1, 2, 2, 1, 2, 2, 1, 2, 2, 1, 2, 2, 2, 2, 
2, 1, 2, 2, 2, 2, 2, 2, 1, 2, 2, 2, 2, 2, 2, 2, 2, 1, 2, 2, 1, 
2, 1, 1, 1, 1, 1, 2, 1, 1, 2, 2, 2, 2, 1, 2, 2, 1, 2, 2, 2, 2, 
1, 2, 2, 2, 2, 1, 1, 2, 1, 2, 1, 2, 2, 2, 1, 2, 1, 1, 2, 1, 2, 
2, 2, 2, 2, 2, 2, 2, 1, 2, 1, 2, 2, 2, 2, 1, 1, 2, 2, 2, 2, 2, 
2, 1, 2, 1, 2, 2, 1, 2, 1, 2, 1, 1, 2, 1, 2, 2, 1, 1, 2, 2, 1, 
2, 1, 2, 2, 2, 1, 2, 2, 2, 1, 2, 1, 2, 2, 1, 2, 2, 1, 2, 2, 1, 
2, 1, 2, 2, 2, 2, 1, 2, 2, 2, 1, 2, 2, 1, 1, 2, 2, 2, 2, 2, 2, 
2, 1, 2, 1, 2, 2, 1, 2, 1, 1, 2, 2, 2, 2, 1, 2, 1, 2, 2, 2, 1, 
2, 2, 2, 2, 1, 2, 1, 2, 2, 2, 1, 2, 1, 2, 2, 2, 1, 2, 1, 2, 2, 
1, 2, 2, 2, 2, 2, 2, 2, 1, 1, 1, 2, 2, 2, 1, 2, 2, 2, 1, 1, 2, 
2, 2, 2, 1, 1, 1, 2, 2, 2, 1, 1, 2, 2, 2, 2, 1, 2, 2, 2, 2, 2, 
2, 2, 2, 2, 2, 2, 2, 1, 2, 1, 2, 1, 1, 2, 1, 1, 1, 1, 1, 1, 2, 
1, 1, 2, 2, 2, 2, 2, 2, 2, 2, 2, 2, 2, 1, 2, 1, 1, 1, 1, 2, 2, 
1, 1, 2, 2, 2, 1, 1, 2, 1, 2, 1, 1, 1, 1, 1, 1, 2, 2, 2, 2, 2, 
2, 2, 1, 2, 2, 1, 2, 2, 2, 2, 2, 2, 2, 1, 1, 2, 2, 2, 2, 1, 2, 
2, 2, 1, 2, 1, 2, 2, 2, 2, 2, 2, 1, 1, 2, 2, 2, 1, 2, 2, 1, 2, 
2, 2, 2, 1, 2, 2, 2, 1, 2, 2, 2, 2, 1, 2, 2, 2, 2, 1, 2, 1, 2, 
1, 2, 2, 1, 2, 2, 2, 1, 2, 1, 1, 2, 2, 2, 2, 1, 2, 2, 1, 1, 2, 
1, 2, 2, 2, 2, 2, 2, 1, 2, 2, 2, 2, 1, 2, 2, 2, 1, 2, 2, 1, 2, 
2, 2, 2, 1, 2, 2, 2, 2, 1, 1, 2, 2, 1, 1, 2, 2, 2, 2, 2, 1, 2, 
1, 2, 1, 2, 1, 2, 2, 1, 2, 2, 2, 1, 2, 1, 2, 1, 2, 2, 1, 2, 2, 
1, 2, 2, 2, 2, 2, 1, 2, 1, 2, 1, 1, 1, 1, 2, 2, 1, 1, 2, 1, 2, 
2, 2, 2, 1, 2, 2, 2, 2, 2, 2, 2, 2, 1, 2, 1, 2, 2, 2, 2, 2, 2, 
2, 2, 1, 2, 2, 2, 1, 2, 2, 1, 2, 2, 2, 2, 2, 2, 1, 2, 1, 1, 2, 
1, 2, 2, 2, 2, 2, 2, 1, 1, 2, 2, 2, 2, 2, 2, 1, 2, 1, 2, 2, 2, 
2, 2, 1, 2, 1, 2, 2, 1, 2, 1, 2, 2, 2, 2, 1, 2, 1, 2, 2, 1, 1, 
2, 1, 1, 1, 2, 2, 2, 2, 1, 1, 2, 2, 2, 2, 2, 2, 2, 1, 2, 2, 2, 
2, 2, 1, 2, 2, 2, 2, 2, 2, 2, 2, 2, 2, 2, 1, 1, 1, 1, 2, 1, 1, 
1, 2, 1, 2, 2, 1, 2, 2, 1, 2, 2, 1, 2, 1, 2, 2, 1, 2, 2, 2, 1, 
1, 2, 1, 2, 2, 2, 2, 1, 2, 2, 2, 1, 2, 2, 1, 2, 2, 1, 1, 1, 1, 
1, 2, 2, 2, 2, 2, 1, 1, 2, 1, 2, 2, 2, 1, 1, 1, 2, 1, 2, 2, 1, 
1, 1, 1, 2, 2, 1, 2, 1, 2, 2, 1, 2, 2, 2, 2, 2, 2, 1, 2, 2, 2, 
1, 2, 2, 2, 1, 2, 2, 1, 2, 1, 2, 2, 1, 2, 2, 1, 1, 2, 1, 2, 1, 
1, 2, 2, 1, 2, 2, 2, 1, 2, 1, 2, 2, 1, 2, 2, 1, 1, 2, 2, 1, 1, 
1, 2, 2, 2, 2, 2, 1, 1, 1, 2, 1, 2, 2, 2, 2, 2, 1, 2, 2, 1, 2, 
2, 1, 2, 2, 2, 1, 2, 2, 2, 1, 1, 2, 2, 1, 2, 2, 1, 2, 2, 2, 2, 
2, 2, 2, 1, 2, 2, 2, 1, 2, 1, 2, 1, 2, 2, 2, 2, 1, 2, 1, 2, 2, 
1, 1, 1, 2, 1, 1, 2, 2, 1, 1, 2, 1, 1, 1, 1, 2, 2, 2, 2, 2, 2, 
2, 1, 2, 1, 2, 2, 2, 2, 2, 2, 1, 2, 2, 1, 1, 1, 2, 2, 2, 2, 2, 
2, 1, 1, 2, 2, 1, 2, 2, 2, 2, 2, 1, 2, 2, 1, 2, 2, 1, 1, 2, 2, 
1, 2, 2, 1, 1, 2, 2, 2, 2, 2, 2, 2, 2, 2, 2, 1, 2, 1, 1, 2, 1, 
2, 2, 1, 2, 2, 1, 2, 2, 1, 1, 2, 2, 1, 2, 1, 1, 2, 2, 2, 1, 1, 
2, 2, 2, 2, 2, 1, 1, 1, 1, 2, 2, 1, 2, 2, 1, 2, 2, 2, 2, 2, 2, 
2, 2, 1, 2, 2, 1, 1, 2, 1, 1, 2, 1, 2, 2, 2, 2, 2, 2, 2, 1, 2, 
1, 2, 2, 2, 2, 2, 2, 2, 2, 1, 2, 2, 2, 1, 2, 2, 1, 2, 2, 2, 1, 
2, 1, 1, 2, 2, 1, 2, 2, 2, 2, 2, 1, 2, 1, 2, 2, 1, 2, 1, 2, 2, 
2, 2, 2, 1, 2, 2, 1, 2, 1, 2, 2, 1, 1, 2, 1, 2, 2, 1, 1, 2, 1, 
1, 1, 2, 1, 2, 2, 1, 2, 2, 2, 2, 1, 2, 1, 1, 2, 2, 2, 2, 1, 2, 
1, 2, 2, 2, 2, 2, 2, 2, 2, 1, 1, 1, 2, 1, 2, 1, 2, 1, 2, 2, 2, 
2, 2, 2, 1, 1, 1, 2, 2, 2, 2, 1, 2, 2, 1, 1, 1, 2, 2, 2, 2, 2, 
1, 2, 2, 1, 2, 2, 2, 2, 2, 2, 1, 1, 2, 2, 2, 1, 2, 2, 2, 1, 1, 
1, 2, 2, 1, 1, 2, 2, 1, 2, 2, 1, 2, 2, 1, 2, 1, 2, 1, 2, 2, 2, 
2, 1, 1, 2, 2, 1, 2, 2, 2, 2, 2, 2, 1, 2, 2, 1, 2, 1, 2, 2, 1, 
2, 2, 2, 2, 2, 1, 1, 2, 2, 1, 2, 1, 1, 1, 2, 1, 2, 2, 2, 2, 2, 
2, 1, 1, 1, 2, 1, 1, 2, 2, 2, 1, 2, 1, 2, 2, 2, 1, 2, 2, 2, 1, 
2, 1, 2, 1, 1, 2, 2, 1, 2, 2, 1, 2, 2, 2, 2, 2, 1, 2, 2, 2, 2, 
2, 1, 2, 1, 2, 1, 1, 2, 2, 2, 2, 2, 2, 2, 2, 1, 1, 1, 1, 1, 2, 
2, 2, 2, 2, 2, 2, 2, 1, 2, 2, 2, 2, 2, 2, 2, 1, 2, 2, 2, 1, 2, 
2, 2, 1, 2, 1, 1, 1, 2, 2, 2, 2, 2, 2, 1, 2, 2, 1, 2, 1, 2, 1, 
1, 1, 2, 2, 1, 2, 1, 1, 2, 1, 2, 2, 2, 2, 2, 2, 1, 2, 2, 2, 1, 
1, 1, 2, 1, 2, 2, 1, 2, 1, 2, 1, 1, 1, 2, 2, 1, 2, 1, 2, 2, 2, 
2, 2, 2, 1, 2, 2, 1, 1, 2, 2, 1, 2, 2, 2, 1, 2, 2, 2, 2, 1, 2, 
2, 2, 2, 2, 2, 2, 2, 1, 2, 1, 1, 2, 2, 2, 1, 2, 1, 2, 1, 1, 2, 
2, 2, 1, 1, 2, 1, 1, 2, 2, 2, 2, 2, 2, 2, 1, 2, 2, 2, 2, 2, 2, 
1, 1, 1, 2, 2, 2, 2, 1, 1, 2, 2, 2, 1, 2, 1, 1, 2, 1, 1, 2, 2, 
2, 1, 2, 1, 1, 2, 2, 1, 2, 2, 2, 2, 2, 1, 1, 2, 2, 1, 1, 2, 2, 
1, 1, 2, 1, 2, 1, 2, 2, 2, 2, 2, 1, 1, 2, 2, 1, 2, 1, 2, 1, 2, 
2, 2, 1, 2, 2, 2, 2, 2, 2, 2, 1, 1, 1, 2, 2, 2, 2, 2, 2, 1, 1, 
1, 1, 1, 1, 1, 1, 2, 1, 2, 2, 1, 1, 2, 2, 2, 2, 2, 2, 2, 2, 2, 
2, 2, 1, 2, 2, 2, 2, 2, 2, 1, 1, 2, 2, 2, 2, 2, 2, 1, 2, 2, 1, 
2, 2, 2, 2, 2, 2, 2, 1, 2, 2, 2, 2, 1, 2, 2, 1, 2, 2, 1, 2, 2, 
1, 2, 2, 1, 2, 1, 1, 2, 2, 1, 2, 2, 2, 2, 1, 2, 2, 2, 2, 2, 2, 
1, 2, 2, 2, 2, 2, 2, 2, 2, 1, 2, 2, 2, 2, 2, 1, 1, 2, 1, 2, 1, 
1, 1, 1, 2, 2, 1, 2, 1, 1, 2, 2, 2, 2, 2, 1, 2, 2, 2, 2, 2, 2, 
1, 1, 2, 1, 2, 1, 2, 2, 2, 1, 2, 2, 2, 2, 2, 2, 2, 2, 2, 2, 2, 
1, 2, 2, 2, 2, 2, 1, 1, 2, 2, 2, 2, 1, 2, 2, 2, 1, 2, 2, 1, 2, 
2, 2, 1, 2, 1, 2, 2, 1, 2, 2, 2, 1, 1, 2, 2, 1, 2, 1, 2, 1, 2, 
2, 2, 2, 2, 2, 2, 1, 2, 1, 2, 2, 2, 1, 2, 1, 2, 2, 1, 2, 2, 2, 
2, 2, 2, 2, 2, 2, 2, 2, 1, 2, 2, 2, 2, 2, 1, 1, 2, 2, 1, 1, 2, 
1, 1, 2, 2, 1, 2, 2, 2, 2, 2, 2, 2, 2, 2, 2, 2, 2, 2, 1, 2, 2, 
2, 1, 1, 2, 2, 1, 2, 2, 2, 2, 1, 2, 2, 2, 2, 1, 2, 2, 2, 1, 2, 
1, 2, 1, 2, 2, 1, 1, 2, 2, 1, 2, 2, 1, 1, 1, 1, 2, 1, 1, 1, 2, 
2, 2, 1, 2, 1, 1, 2, 2, 1, 2, 1, 2, 2, 1, 2, 1, 1, 2, 2, 2, 2, 
2, 2, 2, 1, 2, 2, 2, 2, 2, 2, 2, 1, 2, 1, 2, 1, 1, 2, 2, 2, 1, 
2, 2, 2, 2, 1, 2, 1, 1, 2, 2, 2, 2, 1, 2, 2, 2, 1, 2, 2, 2, 2, 
2, 2, 2, 1, 2, 2, 2, 2, 2, 1, 1, 2, 2, 2, 2, 2, 2, 2, 2, 1, 2, 
2, 2, 2, 2, 2, 2, 1, 1, 1, 2, 2, 1, 2, 1, 2, 2, 2, 2, 1, 1, 2, 
2, 2, 1, 1, 2, 1, 2, 2, 2, 2, 1, 2, 1, 2, 2, 1, 2, 2, 2, 1, 2, 
1, 2, 2, 1, 2, 2, 2, 1, 2, 1, 1, 1, 1, 2, 1, 2, 1, 2, 2, 1, 2, 
1, 1, 2, 1, 2, 1, 1, 2, 2, 1, 2, 2, 1, 1, 2, 1, 1, 2, 2, 2, 2, 
1, 2, 2, 1, 2, 2, 1, 2, 2, 2, 2, 2, 1, 2, 2, 2, 2, 2, 1, 2, 2, 
1, 2, 2, 1, 1, 2, 2, 2, 2, 2, 2, 1, 1, 1, 1, 2, 2, 2, 1, 2, 2, 
1, 2, 1, 2, 2, 2, 2, 2, 1, 2, 1, 1, 2, 2, 2, 2, 2, 1, 1, 2, 2, 
2, 2, 1, 2, 2, 2, 2, 2, 2, 1, 1, 2, 2, 2, 2, 2, 1, 1, 2, 2, 2, 
1, 2, 2, 1, 2, 1, 1, 1, 1, 2, 2, 2, 2, 2, 1, 1, 2, 1, 2, 1, 2, 
2, 2, 2, 2, 2, 2, 2, 1, 1, 2, 1, 2, 2, 2, 2, 1, 2, 1, 2, 1, 2, 
2, 1, 1, 2, 2, 2, 1, 2, 1, 1, 2, 2, 2, 2, 2, 1, 2, 1, 2, 2, 2, 
2, 1, 1, 1, 1, 1, 2, 2, 1, 2, 1, 1, 2, 1, 1, 2, 2, 1, 2, 1, 1, 
2, 1, 2, 1, 2, 2, 1, 2, 1, 1, 1, 2, 2, 2, 2, 1, 1, 2, 2, 1, 2, 
2, 2, 1, 2, 2, 1, 2, 1, 2, 2, 2, 1, 2, 1, 2, 2, 1, 2, 2, 1, 2, 
1, 2, 1, 2, 1, 1, 1, 1, 2, 1, 2, 1, 2, 2, 1, 2, 2, 2, 1, 2, 2, 
2, 2, 2, 2, 2, 2, 1, 2, 2, 2, 1, 2, 2, 2, 2, 2, 1, 2, 1, 2, 1, 
1, 2, 2, 1, 2, 2, 1, 2, 1, 1, 2, 2, 2, 2, 1, 2, 1, 2, 1, 2, 1, 
2, 2, 2, 2, 2, 2, 2, 2, 1, 2, 1, 2, 1, 1, 1, 2, 2, 2, 2, 2, 2, 
2, 2, 2, 2, 2, 1, 2, 2, 2, 1, 1, 1, 2, 1, 2, 2, 2, 2, 1, 1, 2, 
1, 2, 1, 2, 2, 2, 2, 2, 2, 2, 1, 1, 2, 2, 2, 2, 1, 1, 2, 2, 2, 
2, 1, 1, 1, 1, 2, 2, 2, 2, 2, 2, 2, 1, 2, 1, 2, 2, 2, 2, 1, 2, 
1, 1, 1, 2, 1, 1, 1, 1, 2, 2, 1, 1, 1, 2, 2, 2, 1, 1, 2, 1, 1, 
2, 1, 1, 1, 2, 2, 2, 2, 2, 2, 1, 2, 2, 2, 2, 2, 1, 2, 1, 2, 2, 
1, 2, 1, 1, 1, 2, 2, 2, 1, 2, 2, 1, 2, 1, 1, 2, 2, 1, 1, 2, 1, 
1, 2, 1, 2, 2, 1, 2, 1, 2, 2, 2, 2, 2, 2, 2, 2, 1, 1, 1, 2, 2, 
2, 2, 2, 1, 1, 2, 2, 2, 2, 1, 2, 2, 1, 1, 1, 1, 2, 2, 2, 1, 1, 
1, 2, 2, 1, 2, 1, 2, 2, 2, 2, 1, 2, 1, 2, 2, 2, 1, 2, 2, 2, 2, 
2, 1, 2, 1, 1, 2, 1, 2, 1, 2, 2, 2, 2, 2, 2, 1, 1, 2, 2, 2, 2, 
2, 2, 1, 2, 2, 2, 2, 2, 1, 2, 1, 2, 1, 1, 1, 1, 2, 1, 2, 2, 1, 
1, 2, 2, 2, 2, 1, 2, 2, 1, 1, 2, 2, 2, 1, 2, 2, 1, 1, 2, 1, 2, 
2, 1, 2, 2, 1, 2, 2, 2, 2, 2, 1, 1, 2, 2, 2, 2, 2, 2, 2, 1, 2, 
1, 1, 2, 1, 1, 2, 2, 2, 1, 1, 2, 1, 1, 2, 2, 1, 2, 2, 2, 2, 1, 
1, 2, 2, 2, 2, 1, 2, 2, 2, 2, 1, 2, 2, 2, 1, 1, 1, 2, 1, 2, 2, 
2, 1, 2, 1, 1, 2, 1, 1, 2, 2, 1, 1, 1, 2, 2, 2, 1, 2, 2, 2, 2, 
2, 2, 1, 2, 2, 1, 2, 2, 2, 2, 2, 2, 2, 2, 1, 1, 1, 2, 2, 2, 1, 
2, 1, 2, 2, 2, 1, 1, 2, 2, 1, 1, 1, 1, 2, 2, 1, 2, 2, 1, 1, 1, 
2, 1, 2, 1, 1, 2, 1, 2, 1, 1, 1, 1, 2, 2, 1, 2, 2, 1, 1, 2, 2, 
2, 2, 2, 2, 1, 1, 1, 1, 2, 2, 1, 2, 2, 2, 2, 2, 2, 2, 1, 2, 2, 
2, 1, 1, 2, 2, 2, 1, 1, 1, 2, 1, 1, 1, 2, 2, 1, 2, 2, 2, 2, 2, 
2, 1, 1, 2, 2, 1, 2, 2, 2, 2, 1, 2, 1, 2, 2, 2, 1, 2, 2, 2, 2, 
2, 1, 1, 2, 1, 2, 2, 1, 2, 1, 1, 2, 2, 1, 1, 1, 2, 2, 2, 2, 1, 
2, 2, 2, 2, 1, 2, 1, 1, 1, 2, 2, 2, 1, 2, 1, 1, 2, 2, 2, 2, 1, 
2, 2, 2, 2, 2, 1, 2, 2, 2, 2, 2, 2, 2, 2, 1, 2, 2, 2, 1, 1, 2, 
2, 1, 2, 2, 2, 2, 1, 1, 2, 1, 2, 2, 2, 1, 2, 1, 1, 2, 1, 1, 2, 
1, 1, 1, 2, 1, 2, 1, 2, 2, 2, 2, 2, 2, 2, 1, 1, 2, 2, 2, 2, 2, 
1, 2, 2, 2, 2, 2, 2, 1, 1, 2, 2, 2, 2, 2, 2, 1, 1, 2, 2, 2, 2, 
2, 1, 1, 1, 2, 1, 2, 1, 1, 2, 2, 2, 1, 2, 2, 1, 2, 2, 2, 2, 2, 
2, 2, 2, 1, 2, 2, 1, 2, 1, 1, 2, 2, 1, 2, 1, 2, 2, 1, 1, 1, 2, 
1, 2, 1, 2, 2, 2, 2, 2, 1, 2, 1, 1, 2, 1, 2, 2, 2, 2, 1, 2, 2, 
2, 2, 2, 2, 1, 2, 2, 2, 1, 1, 1, 2, 2, 2, 1, 2, 2, 1, 1, 1, 2, 
1, 2, 2, 1, 2, 2, 2, 2, 2, 2, 1, 1, 1, 2, 2, 2, 2, 1, 2, 2, 1, 
2, 1, 1, 1, 2, 2, 1, 1, 2, 1, 2, 2, 2, 2, 2, 2, 2, 1, 2, 2, 2, 
1, 2, 1, 2, 2, 2, 1, 2, 1, 2, 2, 1, 1, 2, 2, 1, 2, 1, 2, 2, 1, 
2, 2, 2, 1, 2, 2, 2, 1, 2, 1, 2, 2, 2, 2, 2, 2, 2, 2, 2, 1, 1, 
2, 2, 1, 2, 1, 2, 2, 2, 1, 1, 2, 2, 2, 2, 1, 2, 2, 1, 2, 1, 1, 
2, 2, 2, 1, 2, 1, 1, 2, 2, 1, 1, 1, 1, 2, 2, 2, 2, 1, 2, 2, 2, 
2, 2, 2, 2, 2, 2, 2, 2, 2, 2, 1, 2, 1, 2, 1, 2, 1, 1, 2, 2, 1, 
1, 2, 1, 2, 2, 1, 2, 2, 2, 2, 1, 2, 2, 2, 2, 2, 2, 2, 2, 2, 1, 
2, 1, 1, 1, 2, 2, 2, 2, 2, 1, 1, 1, 1, 2, 2, 2, 2, 1, 2, 2, 2, 
1, 2, 2, 1, 2, 1, 2, 2, 1, 1, 2, 2, 2, 2, 2, 2, 1, 2, 2, 2, 2, 
2, 2, 2, 1, 2, 1, 2, 2, 2, 2, 2, 2, 2, 2, 1, 2, 2, 2, 2, 1, 2, 
2, 2, 1, 2, 1, 2, 2, 2, 2, 2, 1, 2, 2, 2, 2, 1, 2, 1, 1, 2, 2, 
2, 1, 1, 1, 2, 2, 2, 2, 2, 1, 2, 2, 1, 2, 1, 2, 2, 1, 1, 1, 1, 
1, 1, 2, 2, 1, 2, 2, 2, 1, 2, 2, 1, 2, 2, 2, 2, 2, 2, 2, 1, 2, 
1, 2, 2, 2, 1, 2, 2, 1, 2, 1, 2, 2, 2, 2, 2, 2, 1, 2, 1, 1, 2, 
1, 2, 2, 1, 2, 1, 1, 1, 2, 2, 2, 2, 2, 2, 2, 2, 1, 1, 2, 2, 2, 
1, 2, 2, 2, 2, 2, 2, 1, 1, 2, 1, 2, 1, 1, 2, 2, 2, 2, 1, 2, 2, 
1, 1, 1, 2, 1, 1, 2, 2, 2, 2, 2, 1, 1, 2, 1, 1, 2, 2, 2, 2, 2, 
2, 2, 1, 2, 1, 2, 2, 1, 1, 2, 2, 2, 2, 1, 2, 2, 1, 1, 2, 2, 2, 
2, 2, 2, 2, 1, 2, 2, 1, 2, 2, 2, 2, 2, 2, 1, 2, 2, 2, 1, 2, 2, 
1, 2, 2, 2, 2, 2, 1, 2, 2, 2, 1, 2, 2, 2, 1, 2, 1, 1, 1, 1, 1, 
2, 2, 1, 2, 1, 2, 2, 1, 2, 1, 1, 2, 2, 2, 2, 2, 1, 1, 1, 2, 2, 
2, 1, 2, 1, 1, 1, 2, 2, 2, 1, 2, 2, 1, 2, 2, 2, 2, 2, 2, 1, 2, 
2, 2, 1, 1, 2, 1, 2, 2, 2, 1, 2, 1, 2, 2, 1, 2, 2, 1, 2, 2, 2, 
1, 1, 2, 2, 2, 2, 2, 2, 2, 1, 1, 2, 2, 2, 2, 2, 2, 2, 1, 1, 1, 
2, 2, 1, 1, 2, 2, 1, 1, 1, 1, 2, 2, 2, 1, 2, 2, 1, 2, 2, 2, 1, 
1, 2, 2, 2, 2, 2, 2, 1, 2, 2, 2, 2, 2, 2, 1, 2, 2, 2, 2, 1, 1, 
2, 2, 2, 1, 2, 2, 1, 2, 1, 2, 1, 1, 2, 2, 2, 1, 1, 1, 1, 2, 2, 
1, 2, 2, 2, 2, 2, 2, 1, 2, 2, 2, 1, 2, 2, 2, 2, 1, 2, 2, 1, 2, 
2, 1, 2, 2, 2, 1, 2, 1, 2, 2, 2, 1, 2, 1, 1, 2, 1, 2, 1, 2, 2, 
2, 2, 1, 2, 2, 1, 2, 1, 2, 2, 2, 2, 1, 1, 2, 1, 2, 1, 2, 2, 1, 
2, 1, 2, 2, 1, 1, 2, 1, 2, 2, 2, 2, 2, 2, 2, 2, 2, 2, 2, 2, 2, 
2, 2, 2, 2, 1, 2, 2, 2, 2, 2, 1, 1, 1, 1, 2, 2, 1, 2, 1, 1, 2, 
2, 2, 2, 2, 2, 1, 2, 2, 1, 2, 2, 2, 1, 1, 2, 2, 2, 2, 1, 2, 1, 
2, 1, 2, 2, 2, 1, 2, 2, 2, 2, 2, 1, 2, 2, 2, 1, 2, 1, 1, 2, 2, 
2, 1, 1, 1, 2, 2, 2, 2, 2, 2, 1, 2, 2, 1, 2, 2, 1, 2, 2, 2, 1, 
1, 2, 2, 1, 2, 2, 1, 2, 2, 2, 2, 2, 2, 2, 1, 2, 2, 2, 1, 1, 1, 
1, 1, 2, 1, 2, 2, 2, 1, 1, 2, 2, 1, 2, 2, 2, 1, 2, 2, 2, 1, 2, 
2, 1, 2, 2, 2, 2, 2, 2, 1, 1, 1, 1, 1, 2, 2, 2, 2, 2, 2, 1, 2, 
2, 2, 1, 2, 1, 2, 2, 2, 1, 1, 2, 2, 2, 2, 1, 2, 2, 1, 2, 2, 2, 
2, 2, 2, 2, 1, 2, 2, 2, 2, 2, 2, 1, 2, 1, 1, 2, 2, 2, 1, 2, 2, 
2, 2, 2, 1, 2, 1, 1, 2, 1, 2, 1, 2, 2, 1, 2, 2, 1, 2, 2, 2, 2, 
1, 1, 1, 2, 1, 1, 2, 2, 2, 2, 1, 1, 1, 1, 2, 2, 1, 2, 1, 2, 2, 
1, 1, 2, 2, 2, 2, 2, 2, 2, 1, 1, 2, 2, 1, 1, 2, 2, 2, 1, 2, 1, 
2, 2, 1, 1, 2, 2, 2, 2, 1, 2, 2, 1, 2, 1, 2, 2, 2, 2, 2, 2, 2, 
2, 2, 2, 2, 2, 2, 2, 1, 2, 2, 2, 2, 2, 1, 2, 2, 2, 2, 2, 2, 2, 
1, 1, 2, 1, 2, 1, 2, 2, 1, 1, 2, 2, 2, 2, 2, 2, 1, 2, 1, 1, 2, 
1, 2, 2, 2, 2, 2, 2, 2, 1, 2, 2, 1, 1, 2, 2, 1, 2, 1, 1, 1, 2, 
2, 2, 2, 2, 2, 2, 2, 1, 2, 1, 1, 2, 2, 2, 1, 2, 1, 1, 2, 1, 2, 
2, 2, 2, 2, 1, 1, 2, 2, 2, 1, 2, 1, 2, 2, 2, 2, 2, 1, 2, 2, 2, 
1, 2, 2, 2, 1, 1, 2, 2, 1, 2, 1, 1, 2, 2, 2, 2, 1, 2, 2, 2, 2, 
2, 2, 2, 2, 2, 1, 2, 1, 2, 2, 2, 2, 1, 2, 2, 2, 2, 1, 2, 2, 2, 
2, 1, 1, 2, 1, 2, 1, 2, 1, 2, 2, 1, 2, 2, 2, 1, 2, 2, 2, 2, 1, 
2, 2, 2, 1, 2, 1, 1, 2, 1, 1, 1, 2, 2, 1, 2, 2, 2, 2, 1, 1, 2, 
2, 1, 2, 1, 2, 1, 1, 2, 2, 1, 2, 2, 2, 2, 1, 2, 2, 1, 2, 1, 2, 
2, 2, 2, 2, 2, 1, 2, 1, 1, 2, 2, 1, 1, 2, 2, 1, 2, 1, 2, 1, 1, 
2, 2, 1, 2, 1, 2, 1, 2, 1, 1, 2, 1, 2, 1, 2, 2, 1, 1, 1, 2, 1, 
2, 1, 1, 1, 1, 2, 1, 1, 2, 2, 2, 2, 1, 2, 2, 2, 2, 1, 2, 1, 2, 
2, 2, 2, 1, 1, 2, 1, 1, 1, 2, 1, 2, 2, 1, 1, 2, 2, 2, 1, 2, 2, 
2, 1, 2, 2, 2, 2, 2, 1, 2, 2, 2, 1, 1, 1, 1, 1, 1, 2, 2, 1, 2, 
1, 1, 2, 2, 2, 2, 1, 1, 2, 2, 2, 2, 2, 1, 2, 2, 1, 2, 2, 2, 1, 
1, 2, 1, 1, 2, 2, 2, 1, 1, 1, 1, 1, 2, 2, 2, 2, 1, 1, 2, 2, 2, 
2, 1, 2, 1, 1, 2, 1, 2, 2, 2, 2, 2, 2, 1, 2, 1, 1, 1, 1, 1, 2, 
1, 2, 1, 2, 2, 2, 2, 2, 1, 1, 1, 2, 2, 1, 1, 2, 2, 2, 2, 2, 2, 
2, 2, 2, 1, 1, 2, 2, 2, 2, 2, 1, 2, 2, 1, 2, 2, 2, 1, 1, 2, 2, 
2, 2, 1, 2, 2, 1, 2, 1, 2, 2, 2, 2, 2, 1, 2, 2, 1, 2, 2, 1, 2, 
2, 2, 2, 2, 2, 1, 2, 1, 1, 2, 1, 2, 1, 2, 2, 2, 2, 2, 2, 1, 1, 
1, 2, 2, 1, 2, 2, 2, 1, 1, 2, 1, 2, 1, 2, 2, 2, 1, 1, 1, 2, 2, 
2, 1, 2, 2, 2, 1, 2, 1, 2, 2, 2, 1, 2, 1, 1, 1, 2, 2, 1, 1, 2, 
2, 2, 1, 2, 2, 2, 2, 1, 1, 2, 2, 2, 2, 2, 1, 2, 2, 1, 2, 2, 1, 
2, 1, 1, 2, 2, 1, 2, 1, 2, 2, 2, 2, 2, 1, 2, 1, 2, 2, 1, 1, 2, 
2, 1, 2, 1, 1, 2, 2, 2, 1, 2, 2, 2, 1, 2, 1, 2, 1, 1, 2, 1, 2, 
2, 2, 2, 2, 1, 2, 2, 1, 1, 1, 2, 1, 2, 2, 2, 2, 2, 1, 2, 2, 2, 
2, 2, 2, 2, 1, 2, 2, 2, 1, 1, 2, 2, 2, 2, 2, 2, 2, 2, 2, 2, 2, 
2, 2, 1, 1, 1, 1, 1, 2, 1, 1, 1, 1, 2, 2, 2, 2, 2, 2, 1, 1, 2, 
2, 1, 2, 2, 1, 2, 2, 1, 1, 2, 1, 1, 2, 1, 2, 2, 2, 2, 2, 2, 1, 
1, 1, 2, 2, 2, 1, 2, 2, 1, 2, 2, 2, 1, 2, 2, 1, 2, 1, 2, 2, 2, 
1, 1, 2, 2, 2, 1, 1, 2, 2, 2, 2, 2, 2, 2, 2, 1, 2, 2, 2, 1, 2, 
1, 1, 1, 1, 1, 1, 1, 1, 1, 1, 2, 2, 2, 2, 2, 2, 2, 1, 2, 2, 2, 
1, 1, 2, 2, 2, 1, 1, 2, 2, 2, 2, 2, 2, 2, 2, 1, 2, 1, 2, 1, 2, 
1, 1, 1, 1, 2, 2, 2, 1, 1, 1, 2, 1, 2, 2, 2, 2, 1, 1, 2, 2, 2, 
1, 2, 2, 2, 1, 1, 2, 2, 1, 2, 1, 1, 2, 2, 2, 1, 1, 2, 1, 2, 1, 
1, 2, 2, 1, 2, 1, 2, 2, 1, 2, 2, 2, 2, 2, 2, 1, 2, 2, 2, 1, 1, 
1, 1, 2, 2, 2, 1, 2, 2, 2, 1, 1, 1, 2, 1, 1, 2, 2, 2, 1, 2, 1, 
1, 2, 2, 1, 1, 2, 2, 2, 2, 1, 1, 1, 1, 2, 1, 1, 1, 2, 2, 2, 2, 
1, 1, 2, 2, 2, 2, 2, 1, 2, 2, 2, 2, 1, 2, 1, 1, 1, 2, 1, 2, 1, 
1, 2, 2, 1, 2, 2, 1, 1, 1, 2, 1, 2, 2, 2, 1, 1, 2, 2, 2, 2, 2, 
1, 2, 2, 2, 1, 2, 2, 2, 2, 2, 2, 1, 2, 1, 2, 2, 1, 2, 1, 2, 2, 
2, 2, 1, 2, 1, 1, 2, 1, 2, 1, 1, 2, 2, 1, 2, 2, 1, 2, 2, 2, 2, 
2, 1, 2, 1, 2, 2, 2, 1, 1, 2, 2, 2, 1, 1, 1, 2, 1, 1, 1, 2, 2, 
1, 2, 1, 1, 2, 2, 2, 2, 1, 2, 2, 2, 1, 2, 2, 2, 2, 2, 1, 2, 2, 
1, 1, 2, 1, 1, 2, 2, 2, 1, 1, 1, 1, 1, 2, 2, 1, 2, 2, 1, 2, 2, 
2, 2, 2, 2, 2, 2, 2, 1, 1, 2, 2, 1, 1, 1, 1, 2, 2, 2, 1, 2, 1, 
2, 2, 1, 2, 2, 2, 1, 1, 2, 1, 2, 2, 2, 2, 1, 2, 2, 2, 1, 2, 1, 
2, 1, 2, 2, 2, 2, 1, 2, 2, 2, 2, 1, 2, 2, 1, 1, 2, 2, 1, 1, 2, 
2, 1, 2, 1, 2, 2, 2, 2, 2, 2, 1, 2, 2, 2, 2, 2, 2, 1, 2, 1, 2, 
2, 1, 2, 1, 2, 2, 2, 1, 2, 2, 2, 2, 2, 2, 1, 2, 2, 2, 2, 2, 2, 
2, 1, 2, 2, 2, 2, 2, 2, 2, 2, 2, 2, 2, 2, 2, 1, 1, 2, 2, 2, 2, 
2, 1, 1, 2, 2, 2, 2, 2, 2, 2, 2, 2, 2, 2, 2, 2, 2, 1, 2, 1, 2, 
2, 1, 2, 2, 1, 2, 2, 1, 2, 2, 2, 2, 2, 2, 1, 1, 2, 1, 1, 1, 1, 
1, 2, 2, 1, 2, 2, 2, 2, 2, 1, 1, 2, 2, 1, 2, 1, 2, 1, 1, 2, 2, 
1, 1, 1, 1, 2, 2, 2, 1, 2, 1, 2, 2, 2, 2, 1, 2, 2, 1, 2, 1, 1, 
2, 2, 2, 2, 2, 2, 2, 1, 2, 2, 2, 2, 1, 2, 2, 1, 1, 1, 2, 1, 1, 
2, 2, 1, 2, 2, 2, 1, 1, 2, 2, 2, 2, 2, 1, 1, 2, 2, 1, 2, 1, 1, 
1, 2, 1, 2, 2, 2, 1, 1, 2, 2, 1, 2, 1, 1, 2, 1, 1, 2, 2, 2, 2, 
1, 1, 1, 2, 2, 2, 1, 1, 2, 2, 2, 2, 2, 2, 2, 1, 2, 1, 2, 2, 2, 
2, 1, 2, 1, 2, 2, 2, 2, 1, 1, 1, 2, 2, 2, 1, 2, 2, 1, 1, 2, 1, 
2, 1, 2, 1, 2, 2, 2, 2, 1, 2, 1, 2, 1, 1, 2, 1, 1, 1, 2, 2, 2, 
1, 2, 1, 2, 2, 1, 1, 2, 1, 2, 2, 1, 2, 2, 1, 2, 2, 2, 1, 1, 2, 
2, 2, 2, 1, 1, 1, 1, 2, 1, 1, 2, 2, 2, 2, 2, 1, 1, 2, 1, 2, 2, 
2, 1, 2, 1, 2, 1, 2, 2, 2, 2, 2, 1, 2, 2, 2, 1, 2, 2, 1, 2, 2, 
1, 1, 1, 1, 1, 2, 2, 2, 2, 1, 1, 2, 2, 2, 2, 2, 2, 2, 2, 1, 2, 
2, 1, 1, 1, 2, 2, 2, 2, 1, 2, 2, 2, 1, 2, 2, 1, 1, 1, 2, 2, 2, 
2, 1, 1, 2, 2, 2, 1, 2, 2, 2, 2, 2, 2, 1, 2, 1, 2, 2, 2, 2, 2, 
2, 2, 2, 2, 2, 2, 1, 2, 2, 2, 1, 2, 1, 2, 1, 1, 2, 2, 1, 2, 2, 
2, 1, 2, 1, 1, 1, 2, 1, 2, 1, 2, 2, 2, 1, 2, 1, 2, 2, 1, 2, 2, 
2, 2, 2, 2, 1, 2, 1, 1, 1, 2, 1, 2, 1, 1, 2, 2, 2, 2, 1, 2, 2, 
2, 1, 2, 1, 2, 1, 1, 2, 1, 1, 1, 1, 1, 1, 2, 1, 2, 2, 2, 1, 1, 
2, 1, 2, 1, 2, 2, 2, 2, 2, 2, 2, 1, 2, 2, 2, 2, 2, 2, 2, 2, 1, 
1, 2, 1, 2, 1, 1, 2, 2, 1, 2, 1, 2, 1, 2, 2, 2, 2, 2, 2, 1, 1, 
2, 1, 1, 2, 2, 1, 2, 1, 1, 2, 2, 2, 2, 2, 2, 2, 2, 2, 2, 2, 1, 
2, 1, 2, 1, 1, 2, 1, 1, 1, 2, 2, 2, 1, 2, 2, 1, 1, 1, 1, 1, 2, 
1, 2, 2, 1, 1, 2, 2, 1, 1, 2, 2, 2, 1, 1, 1, 2, 1, 2, 1, 2, 2, 
2, 2, 2, 2, 2, 1, 1, 2, 2, 2, 2, 2, 2, 2, 1, 1, 2, 2, 2, 1, 2, 
2, 2, 2, 1, 2, 2, 2, 1, 2, 2, 2, 2, 1, 2, 2, 2, 2, 2, 2, 2, 2, 
1, 2, 2, 2, 1, 2, 2, 1, 1, 2, 2, 2, 2, 2, 2, 2, 1, 1, 1, 2, 1, 
1, 1, 1, 2, 2, 1, 1, 1, 2, 2, 2, 2, 1, 2, 2, 2, 1, 2, 2, 1, 2, 
1, 2, 1, 2, 2, 1, 2, 1, 2, 2, 2, 2, 2, 2, 2, 1, 2, 2, 1, 2, 1, 
2, 1, 2, 2, 1, 1, 1, 1, 2, 2, 2, 1, 1, 1, 2, 2, 2, 2, 2, 2, 2, 
2, 2, 2, 2, 2, 2, 2, 2, 1, 2, 2, 2, 2, 2, 1, 2, 1, 2, 2, 2, 2, 
1, 2, 2, 1, 1, 2, 2, 1, 2, 2, 2, 2, 2, 2, 1, 2, 2, 1, 2, 2, 2, 
1, 1, 2, 2, 2, 2, 2, 1, 2, 1, 2, 2, 2, 2, 2, 2, 2, 2, 2, 2, 2, 
2, 1, 2, 2, 1, 2, 1, 1, 2, 2, 2, 2, 1, 1, 2, 2, 1, 2, 2, 2, 2, 
1, 2, 2, 2, 2, 2, 1, 2, 2, 2, 1, 1, 2, 2, 1, 2, 2, 1, 2, 1, 2, 
1, 1, 2, 2, 2, 2, 2, 1, 2, 2, 2, 2, 1, 2, 2, 1, 2, 1, 1, 2, 2, 
2, 1, 1, 2, 2, 1, 2, 2, 2, 2, 1, 2, 1, 1, 2, 2, 2, 2, 2, 2, 2, 
2, 1, 1, 1, 1, 2, 2, 1, 2, 2, 1, 2, 2, 2, 1, 1, 2, 2, 2, 2, 1, 
1, 1, 1, 1, 2, 1, 2, 1, 2, 1, 2, 2, 2, 1, 1, 2, 2, 1, 2, 1, 1, 
1, 1, 2, 1, 2, 2, 1, 2, 2, 2, 1, 2, 1, 2, 1, 2, 1, 1, 2, 1, 1, 
2, 2, 1, 2, 2, 2, 2, 1, 2, 2, 1, 2, 2, 1, 2, 2, 1, 2, 2, 1, 2, 
2, 1, 1, 2, 2, 2, 2, 2, 2, 2, 1, 1, 2, 2, 1, 2, 1, 1, 2, 1, 1, 
1, 1, 1, 2, 2, 2, 2, 1, 2, 1, 1, 2, 2, 2, 2, 2, 1, 2, 2, 2, 2, 
2, 2, 2, 2, 2, 2, 2, 1, 2, 2, 2, 2, 2, 1, 1, 2, 2, 1, 1, 2, 2, 
2, 2, 2, 2, 2, 1, 1, 2, 1, 2, 2, 1, 1, 1, 2, 2, 1, 1, 2, 2, 2, 
2, 1, 2, 1, 2, 2, 2, 2, 2, 1, 2, 2, 2, 1, 1, 2, 1, 2, 2, 2, 2, 
2, 2, 1, 1, 2, 1, 1, 2, 2, 2, 2, 2, 1, 1, 1, 1, 2, 1, 2, 1, 2, 
1, 2, 2, 1, 1, 1, 2, 1, 2, 2, 2, 2, 2, 2, 2, 2, 2, 1, 2, 2, 2, 
2, 2, 1, 2, 2, 2, 2, 2, 1, 1, 2, 1, 2, 1, 2, 1, 2, 2, 1, 2, 2, 
2, 2, 2, 1, 2, 2, 1, 2, 2, 2, 2, 1, 1, 1, 2, 2, 2, 2, 1, 2, 1, 
2, 2, 2, 1, 2, 1, 2, 2, 1, 2, 2, 1, 2, 2, 2, 2, 1, 1, 2, 1, 2, 
1, 2, 1, 2, 2, 2, 1, 2, 2, 2, 2, 2, 1, 2, 1, 1, 1, 2, 2, 1, 2, 
2, 2, 2, 1, 2, 2, 2, 1, 1, 1, 2, 2, 2, 1, 2, 1, 2, 2, 2, 2, 2, 
2, 1, 1, 2, 2, 2, 2, 1, 2, 2, 2, 1, 1, 2, 2, 2, 2, 1, 2, 1, 2, 
2, 1, 2, 2, 2, 2, 1, 1, 2, 1, 1, 2, 2, 2, 2, 2, 2, 1, 2, 1, 2, 
2, 2, 2, 2, 2, 1, 1, 1, 2, 2, 2, 2, 2, 2, 2, 2, 2, 2, 2, 1, 2, 
2, 2, 2, 2, 2, 1, 1, 2, 2, 2, 2, 2, 1, 2, 2, 2, 2, 1, 2, 2, 1, 
1, 1, 2, 2, 1, 2, 1, 2, 2, 1, 2, 2, 1, 1, 2, 2, 2, 2, 1, 2, 1, 
2, 2, 2, 2, 1, 2, 2, 1, 1, 1, 1, 2, 1, 2, 1, 2, 2, 2, 2, 2, 2, 
2, 2, 2, 1, 2, 2, 1, 2, 2, 2, 1, 1, 2, 2, 2, 2, 1, 2, 1, 2, 2, 
2, 2, 2, 2, 1, 2, 2, 2, 2, 2, 1, 2, 2, 2, 2, 1, 2, 1, 1, 1, 1, 
1, 2, 2, 2, 2, 2, 2, 1, 2, 1, 2, 1, 2, 2, 1, 2, 1, 2, 2, 2, 1, 
1, 1, 2, 2, 2, 1, 2, 2, 2, 1, 1, 2, 2, 2, 2, 2, 2, 2, 2, 2, 2, 
2, 2, 1, 1, 1, 2, 2, 2, 2, 1, 2, 2, 2, 1, 2, 2, 2, 2, 2, 2, 2, 
1, 2, 2, 2, 2, 2, 2, 2, 2, 2, 1, 2, 2, 1, 1, 2, 2, 2, 1, 2, 1, 
1, 2, 2, 1, 2, 2, 2, 1, 2, 2, 2, 1, 2, 2, 1, 2, 2, 2, 1, 2, 2, 
2, 2, 2, 2, 2, 1, 2, 2, 1, 2, 1, 2, 1, 2, 2, 2, 1, 2, 1, 1, 2, 
2, 1, 2, 2, 1, 2, 2, 2, 1, 2, 1, 2, 2, 1, 2, 2, 1, 1, 1, 1, 2, 
1, 2, 1, 2, 1, 2, 2, 1, 2, 1, 2, 2, 2, 2, 1, 2, 2, 2, 2, 2, 2, 
1, 2, 1, 2, 2, 1, 2, 1, 2, 2, 2, 2, 2, 2, 2, 2, 1, 2, 1, 2, 2, 
1, 1, 2, 2, 2, 1, 2, 2, 2, 1, 2, 2, 1, 2, 2, 1, 2, 2, 1, 2, 2, 
1, 1, 1, 2, 2, 2, 2, 1, 2, 1, 1, 2, 1, 2, 2, 1, 2, 1, 2, 2, 2, 
1, 1, 1, 2, 2, 2, 1, 1, 2, 2, 2, 2, 2, 2, 1, 1, 2, 1, 2, 1, 2, 
1, 2, 2, 2, 2, 1, 2, 2, 2, 2, 1, 1, 2, 1, 2, 2, 2, 1, 2, 2, 1, 
1, 2, 2, 1, 1, 2, 2, 2, 1, 2, 1, 2, 2, 1, 2, 1, 1, 2, 2, 2, 2, 
1, 2, 2, 2, 2, 2, 1, 2, 2, 2, 2, 2, 2, 2, 2, 2, 2, 2, 1, 1, 2, 
2, 2, 1, 1, 1, 2, 2, 1, 1, 1, 2, 2, 2, 2, 1, 1, 1, 1, 2, 2, 2, 
2, 2, 1, 2, 2, 1, 2, 2, 2, 2, 1, 1, 2, 2, 1, 2, 2, 2, 2, 2, 1, 
2, 2, 2, 1, 1, 2, 2, 2, 1, 2, 1, 1, 2, 1, 2, 1, 2, 2, 1, 2, 1, 
2, 1, 2, 1, 2, 2, 1, 2, 2, 2, 1, 1, 2, 1, 1, 1, 2, 1, 2, 2, 2, 
1, 2, 1, 1, 1, 2, 1, 1, 2, 2, 2, 2, 1, 1, 1, 2, 2, 1, 2, 2, 2, 
2, 1, 2, 1, 2, 2, 2, 2, 1, 2, 1, 2, 1, 1, 2, 1, 2, 2, 2, 1, 2, 
1, 1, 2, 2, 2, 2, 2, 2, 2, 1, 2, 1, 1, 2, 2, 1, 2, 1, 2, 1, 1, 
2, 2, 2, 2, 2, 2, 2, 1, 1, 2, 2, 2, 1, 1, 1, 2, 2, 2, 2, 1, 1, 
1, 1, 2, 2, 1, 2, 1, 2, 2, 2, 1, 1, 2, 2, 1, 1, 1, 2, 1, 2, 2, 
2, 2, 2, 2, 1, 2, 1, 2, 2, 1, 2, 2, 2, 2, 2, 2, 2, 1, 1, 2, 1, 
2, 1, 2, 2, 1, 2, 1, 2, 2, 2, 2, 2, 1, 2, 2, 2, 1, 2, 1, 2, 2, 
2, 2, 2, 1, 1, 2, 1, 1, 2, 2, 1, 2, 1, 2, 2, 1, 2, 2, 1, 2, 1, 
1, 2, 2, 1, 1, 2, 2, 1, 2, 1, 2, 1, 2, 2, 1, 2, 1, 2, 2, 2, 2, 
1, 1, 1, 1, 1, 2, 2, 1, 1, 2, 2, 1, 2, 1, 1, 2, 2, 2, 2, 1, 1, 
2, 2, 2, 1, 1, 1, 2, 1, 2, 2, 1, 2, 1, 1, 2, 2, 2, 1, 2, 1, 1, 
2, 1, 2, 1, 2, 2, 1, 2, 1, 2, 2, 1, 2, 1, 2, 2, 1, 2, 2, 2, 2, 
2, 1, 2, 2, 2, 1, 1, 1, 1, 2, 1, 1, 2, 2, 2, 2, 2, 1, 2, 2, 1, 
2, 1, 2, 1, 1, 2, 1, 2, 2, 2, 2, 2, 1, 1, 1, 2, 1, 1, 1, 2, 2, 
2, 1, 2, 1, 1, 2, 2, 2, 2, 1, 2, 1, 2, 2, 1, 2, 2, 1, 2, 1, 1, 
2, 2, 1, 1, 1, 1, 2, 1, 2, 2, 2, 2, 1, 2, 2, 2, 2, 2, 1, 2, 2, 
2, 2, 2, 2, 2, 2, 2, 2, 2, 1, 1, 2, 2, 1, 2, 2, 1, 1, 2, 2, 2, 
1, 1, 2, 2, 2, 1, 2, 1, 1, 1, 1, 1, 2, 1, 2, 2, 2, 2, 2, 2, 2, 
2, 2, 2, 1, 2, 1, 1, 2, 1, 1, 1, 1, 2, 2, 2, 2, 1, 2, 1, 2, 1, 
2, 1, 2, 1, 2, 1, 1, 1, 2, 2, 2, 1, 1, 2, 2, 2, 2, 2, 2, 2, 2, 
2, 2, 2, 2, 1, 1, 1, 2, 1, 2, 1, 1, 1, 1, 1, 2, 2, 2, 2, 1, 1, 
2, 2, 1, 2, 2, 1, 2, 2, 2, 2, 2, 1, 2, 2, 2, 2, 1, 2, 2, 1, 1, 
1, 2, 2, 1, 1, 1, 2, 2, 2, 2, 2, 1, 2, 2, 1, 2, 2, 2, 2, 2, 1, 
2, 1, 2, 2, 2, 1, 2, 1, 2, 1, 1, 2, 2, 2, 1, 2, 1, 2, 1, 2, 2, 
2, 2, 2, 2, 2, 2, 2, 1, 2, 1, 1, 2, 2, 2, 2, 2, 1, 1, 1, 1, 2, 
2, 2, 1, 1, 2, 1, 1, 2, 2, 1, 2, 1, 2, 2, 1, 1, 2, 2, 1, 2, 2, 
2, 2, 1, 2, 2, 2, 1, 1, 2, 2, 2, 2, 1, 2, 1, 2, 1, 1, 2, 2, 2, 
1, 2, 1, 2, 2, 2, 1, 2, 1, 1, 1, 2, 1, 2, 2, 2, 2, 2, 2, 1, 2, 
2, 2, 2, 1, 1, 2, 2, 2, 1, 2, 1, 2, 2, 1, 2, 1, 1, 1, 1, 1, 1, 
1, 1, 1, 1, 1, 1, 1, 2, 2, 2, 1, 1, 1, 2, 2, 1, 2, 1, 2, 1, 2, 
1, 1, 1, 2, 1, 1, 1, 1, 1, 2, 1, 1, 1, 2, 2, 1, 2, 2, 1, 1, 1, 
1, 2, 1, 1, 2, 2, 1, 1, 1, 1, 2, 1, 1, 1, 1, 2, 1, 1, 1, 1, 1, 
2, 2, 2, 1, 1, 1, 2, 1, 1, 1, 1, 1, 2, 2, 1, 2, 1, 2, 2, 1, 1, 
1, 1, 2, 2, 1, 1, 1, 1, 1, 1, 2, 1, 2, 1, 1, 1, 1, 1, 1, 1, 1, 
1, 2, 1, 1, 1, 2, 1, 2, 2, 1, 1, 1, 1, 1, 1, 1, 1, 2, 1, 2, 2, 
2, 1, 1, 1, 1, 1, 1, 1, 2, 1, 2, 1, 1, 1, 2, 2, 1, 2, 2, 1, 2, 
2, 1, 2, 1, 2, 1, 1, 1, 2, 1, 2, 2, 2, 1, 1, 2, 2, 2, 1, 1, 1, 
2, 1, 2, 1, 1, 2, 2, 2, 1, 1, 1, 1, 2, 2, 1, 1, 1, 1, 2, 1, 1, 
1, 2, 2, 1, 2, 1, 1, 1, 2, 1, 1, 1, 1, 1, 2, 2, 2, 1, 1, 1, 2, 
1, 1, 2, 2, 1, 1, 1, 1, 1, 1, 1, 1, 1, 1, 2, 1, 1, 1, 1, 1, 2, 
2, 2, 2, 1, 2, 1, 2, 2, 1, 1, 1, 1, 1, 1, 2, 1, 1, 2, 2, 2, 1, 
1, 1, 1, 1, 2, 1, 1, 2, 1, 1, 1, 2, 2, 1, 2, 1, 2, 2, 2, 1, 1, 
2, 1, 1, 2, 1, 1, 1, 1, 1, 1, 2, 2, 1, 1, 2, 1, 1, 2, 2, 2, 2, 
1, 1, 1, 1, 1, 2, 2, 1, 1, 2, 1, 1, 1, 1, 1, 1, 1, 1, 1, 2, 1, 
1, 1, 2, 1, 1, 1, 2, 1, 2, 1, 1, 1, 2, 2, 2, 1, 2, 2, 2, 1, 1, 
1, 1, 2, 2, 2, 2, 2, 1, 1, 1, 2, 1, 2, 2, 1, 1, 1, 2, 1, 1, 1, 
2, 1, 1, 1, 1, 1, 1, 1, 1, 1, 1, 2, 1, 2, 1, 1, 1, 2, 2, 1, 1, 
2, 1, 2, 2, 1, 1, 1, 1, 2, 2, 1, 1, 1, 2, 2, 1, 1, 2, 2, 1, 1, 
1, 1, 1, 1, 1, 1, 2, 1, 1, 2, 1, 1, 1, 2, 2, 1, 2, 1, 2, 2, 2, 
2, 1, 1, 1, 2, 1, 1, 2, 2, 2, 1, 1, 1, 1, 1, 1, 1, 1, 1, 2, 1, 
1, 1, 1, 1, 1, 1, 1, 1, 1, 1, 2, 2, 1, 1, 1, 1, 2, 1, 2, 2, 1, 
2, 1, 2, 1, 1, 1, 1, 2, 2, 2, 1, 2, 1, 1, 1, 1, 2, 1, 1, 2, 1, 
1, 1, 1, 1, 1, 1, 1, 1, 2, 1, 1, 2, 1, 1, 1, 2, 1, 1, 2, 1, 1, 
1, 1, 1, 1, 1, 1, 1, 1, 1, 1, 1, 2, 1, 1, 1, 1, 1, 1, 1, 1, 2, 
2, 1, 2, 2, 2, 1, 2, 2, 1, 1, 1, 1, 1, 1, 2, 2, 2, 2, 2, 2, 1, 
2, 1, 1, 1, 1, 1, 2, 1, 1, 1, 1, 1, 1, 1, 2, 2, 1, 1, 2, 1, 2, 
1, 2, 2, 2, 2, 1, 1, 1, 1, 2, 1, 2, 1, 1, 1, 1, 1, 2, 1, 1, 1, 
1, 1, 2, 2, 2, 2, 1, 1, 1, 2, 1, 1, 1, 1, 1, 1, 1, 2, 2, 1, 1, 
1, 2, 1, 1, 2, 2, 1, 1, 2, 2, 2, 1, 1, 1, 1, 1, 2, 1, 2, 1, 1, 
2, 1, 1, 1, 1, 1, 1, 1, 1, 2, 1, 2, 1, 2, 1, 2, 1, 1, 2, 2, 1, 
1, 2, 1, 1, 1, 1, 1, 2, 1, 2, 2, 1, 1, 2, 1, 2, 1, 1, 2, 2, 1, 
2, 2, 1, 1, 1, 2, 2, 1, 2, 2, 2, 2, 2, 2, 1, 1, 1, 1, 1, 2, 1, 
1, 2, 2, 1, 1, 2, 1, 2, 1, 1, 2, 2, 1, 1, 1, 1, 1, 2, 1, 2, 1, 
2, 2, 1, 1, 2, 2, 1, 1, 2, 2, 2, 2, 1, 2, 1, 1, 2, 1, 1, 1, 1, 
2, 1, 2, 1, 1, 2, 1, 1, 1, 1, 2, 1, 2, 1, 1, 1, 2, 2, 1, 1, 2, 
2, 2, 1, 1, 2, 1, 1, 1, 1, 1, 2, 1, 1, 2, 2, 1, 2, 1, 1, 1, 2, 
2, 1, 1, 1, 2, 1, 1, 2, 1, 2, 2, 1, 1, 1, 2, 1, 1, 1, 1, 1, 1, 
1, 2, 2, 1, 2, 1, 2, 1, 1, 1, 2, 1, 1, 1, 1, 1, 1, 2, 1, 1, 2, 
1, 1, 2, 1, 2, 1, 1, 1, 1, 2, 1, 1, 2, 1, 1, 1, 2, 1, 2, 1, 1, 
1, 1, 2, 2, 1, 1, 1, 2, 1, 1, 2, 2, 1, 1, 1, 1, 1, 1, 2, 1, 1, 
1, 1, 1, 2, 1, 2, 1, 1, 1, 2, 1, 1, 2, 1, 1, 2, 1, 2, 1, 1, 2, 
1, 1, 1, 2, 1, 1, 1, 1, 1, 1, 1, 2, 1, 1, 2, 1, 2, 1, 2, 1, 2, 
2, 2, 2, 2, 1, 2, 1, 1, 1, 2, 2, 1, 2, 2, 1, 1, 2, 2, 1, 1, 1, 
1, 1, 1, 1, 2, 1, 1, 1, 1, 1, 1, 1, 1, 2, 1, 1, 1, 1, 1, 1, 1, 
1, 1, 1, 2, 1, 1, 1, 1, 2, 2, 2, 1, 1, 1, 2, 1, 1, 1, 1, 1, 1, 
2, 2, 1, 1, 1, 1, 1, 2, 2, 1, 1, 1, 2, 2, 1, 1, 1, 1, 1, 2, 1, 
1, 1, 1, 1, 1, 1, 1, 1, 1, 2, 1, 1, 1, 2, 2, 2, 2, 2, 1, 1, 1, 
1, 2, 1, 2, 2, 2, 2, 2, 1, 2, 1, 2, 1, 2, 1, 2, 1, 2, 1, 1, 1, 
1, 1, 1, 1, 2, 1, 2, 2, 1, 1, 1, 1, 1, 1, 1, 2, 1, 1, 1, 2, 1, 
1, 1, 1, 1, 2, 1, 1, 2, 2, 2, 2, 2, 1, 1, 1, 2, 2, 1, 1, 2, 2, 
1, 2, 1, 2, 2, 1, 1, 2, 2, 2, 2, 1, 2, 1, 2, 2, 1, 1, 1, 1, 2, 
2, 1, 1, 1, 1, 1, 2, 2, 2, 1, 1, 2, 1, 2, 1, 2, 2, 2, 2, 1, 1, 
1, 1, 1, 1, 1, 2, 1, 2, 2, 2, 1, 2, 1, 1, 1, 1, 1, 1, 1, 1, 1, 
1, 1, 2, 2, 1, 1, 1, 1, 1, 2, 1, 1, 1, 1, 1, 1, 1, 1, 2, 1, 1, 
1, 1, 1, 1, 1, 2, 1, 2, 1, 1, 1, 1, 1, 2, 1, 2, 1, 2, 2, 2, 1, 
1, 2, 2, 1, 1, 2, 2, 1, 1, 2, 1, 1, 1, 1, 2, 1, 1, 2, 2, 1, 1, 
2, 1, 1, 2, 1, 1, 1, 1, 1, 1, 1, 1, 2, 2, 1, 1, 2, 2, 2, 2, 2, 
1, 1, 1, 1, 1, 1, 2, 1, 1, 1, 1, 1, 1, 1, 2, 2, 1, 1, 2, 2, 1, 
1, 2, 1, 2, 1, 1, 1, 1, 2, 1, 2, 1, 1, 2, 2, 2, 2, 1, 1, 1, 2, 
1, 1, 1, 2, 1, 2, 1, 1, 1, 1, 2, 1, 1, 1, 2, 1, 1, 1, 1, 1, 1, 
1, 2, 1, 1, 1, 1, 1, 1, 1, 2, 1, 2, 1, 2, 2, 2, 1, 2, 1, 1, 1, 
1, 1, 1, 1, 1, 2, 1, 1, 2, 1, 1, 1, 1, 2, 2, 1, 1, 1, 1, 1, 1, 
2, 1, 1, 1, 2, 1, 2, 2, 1, 2, 2, 2, 2, 1, 2, 2, 1, 1, 1, 1, 2, 
1, 1, 1, 2, 1, 1, 2, 1, 2, 2, 1, 1, 2, 2, 1, 2, 1, 2, 1, 1, 1, 
1, 1, 1, 1, 1, 2, 1, 1, 1, 2, 2, 1, 1, 2, 1, 2, 1, 1, 2, 1, 1, 
1, 1, 1, 1, 2, 1, 1, 2, 1, 1, 1, 1, 1, 1, 1, 2, 1, 2, 2, 1, 2, 
2, 2, 1, 2, 2, 1, 1, 1, 2, 2, 1, 1, 1, 1, 2, 2, 1, 1, 2, 2, 1, 
1, 2, 1, 1, 1, 2, 1, 1, 1, 1, 1, 1, 1, 1, 2, 1, 1, 2, 2, 1, 1, 
2, 1, 1, 1, 1, 2, 1, 1, 2, 1, 1, 1, 1, 1, 2, 1, 1, 2, 2, 2, 2, 
1, 1, 2, 1, 1, 2, 1, 1, 2, 1, 1, 2, 1, 1, 1, 1, 1, 2, 2, 1, 1, 
2, 2, 2, 1, 1, 1, 1, 2, 2, 1, 2, 2, 1, 2, 1, 2, 1, 1, 1, 1, 1, 
1, 2, 1, 1, 1, 1, 1, 1, 2, 1, 1, 1, 1, 1, 1, 1, 2, 1, 1, 1, 1, 
1, 1, 1, 2, 1, 1, 1, 2, 2, 1, 1, 1, 1, 2, 1, 1, 1, 2, 1, 1, 1, 
2, 1, 1, 1, 1, 1, 1, 1, 1, 2, 1, 1, 1, 1, 1, 2, 1, 2, 1, 1, 2, 
1, 1, 1, 2, 2, 2, 1, 2, 1, 1, 2, 2, 1, 1, 1, 2, 1, 2, 1, 1, 2, 
2, 1, 1, 2, 2, 1, 2, 1, 1, 1, 1, 2, 1, 1, 2, 1, 1, 1, 2, 1, 1, 
1, 1, 2, 1, 2, 1, 1, 1, 2, 1, 2, 2, 2, 1, 1, 1, 1, 1, 1, 1, 2, 
1, 1, 2, 1, 2, 2, 1, 1, 1, 1, 1, 2, 2, 1, 1, 1, 1, 2, 1, 1, 2, 
1, 1, 1, 1, 1, 1, 2, 2, 2, 1, 1, 2, 2, 1, 1, 1, 1, 1, 1, 2, 1, 
1, 1, 2, 1, 1, 1, 1, 1, 1, 1, 2, 2, 1, 1, 1, 2, 1, 1, 2, 1, 2, 
1, 2, 2, 1, 2, 1, 1, 1, 2, 1, 1, 1, 1, 1, 2, 1, 1, 2, 1, 1, 1, 
1, 1, 1, 1, 1, 1, 2, 1, 2, 1, 1, 1, 1, 1, 1, 2, 1, 2, 2, 2, 2, 
1, 1, 1, 1, 1, 1, 2, 2, 2, 1, 1, 1, 1, 1, 2, 1, 1, 1, 1, 1, 1, 
2, 1, 1, 2, 1, 2, 1, 2, 1, 1, 1, 1, 1, 1, 1, 1, 2, 1, 1, 2, 2, 
2, 1, 1, 1, 2, 1, 2, 1, 1, 1, 1, 2, 1, 1, 1, 1, 2, 2, 1, 2, 1, 
2, 2, 1, 1, 2, 1, 1, 1, 1, 2, 1, 1, 1, 1, 1, 1, 1, 2, 1, 2, 1, 
1, 1, 1, 1, 2, 1, 2, 2, 1, 1, 2, 1, 1, 1, 2, 1, 2, 1, 2, 2, 1, 
2, 1, 2, 1, 2, 2, 1, 1, 2, 1, 2, 2, 2, 2, 2, 1, 2, 1, 2, 1, 1, 
2, 2, 2, 1, 2, 1, 1, 1, 2, 1, 1, 1, 1, 2, 1, 1, 1, 1, 2, 2, 2, 
2, 1, 2, 2, 2, 1, 1, 2, 1, 1, 1, 1, 1, 2, 1, 1, 1, 1, 1, 1, 2, 
1, 1, 1, 1, 2, 1, 1, 1, 2, 1, 1, 2, 1, 1, 1, 2, 1, 1, 1, 1, 1, 
2, 1, 1, 2, 1, 1, 1, 1, 1, 2, 2, 1, 2, 2, 1, 1, 1, 1, 1, 1, 2, 
1, 1, 2, 2, 1, 1, 1, 1, 2, 2, 2, 1, 2, 1, 2, 1, 1, 1, 1, 1, 2, 
1, 1, 1, 2, 1, 1, 1, 1, 2, 2, 2, 1, 1, 2, 1, 2, 1, 1, 1, 1, 2, 
1, 2, 1, 2, 1, 1, 1, 2, 1, 1, 1, 2, 2, 1, 2, 2, 2, 1, 2, 1, 1, 
2, 2, 1, 2, 1, 1, 2, 2, 1, 2, 1, 1, 1, 1, 1, 1, 2, 1, 2, 1, 2, 
1, 1, 1, 1, 1, 2, 1, 1, 2, 1, 1, 1, 1, 1, 1, 1, 1, 2, 1, 1, 2, 
2, 2, 2, 2, 2, 1, 1, 2, 1, 2, 1, 1, 2, 1, 2, 1, 1, 1, 1, 2, 2, 
2, 1, 2, 1, 2, 1, 1, 1, 1, 1, 1, 2, 2, 1, 1, 2, 2, 2, 1, 2, 1, 
2, 1, 2, 1, 1, 1, 2, 1, 1, 1, 2, 1, 1, 1, 1, 1, 1, 1, 2, 2, 2, 
1, 2, 2, 1, 1, 2, 1, 1, 2, 1, 1, 1, 2, 1, 1, 1, 1, 2, 1, 2, 1, 
2, 2, 2, 1, 1, 1, 2, 2, 2, 1, 2, 1, 1, 1, 1, 1, 2, 1, 2, 1, 1, 
2, 1, 1, 1, 2, 2, 1, 1, 1, 2, 1, 2, 2, 1, 2, 1, 1, 1, 2, 2, 2, 
1, 1, 1, 2, 1, 2, 1, 1, 2, 2, 1, 2, 1, 2, 2, 2, 2, 1, 1, 1, 2, 
2, 1, 1, 2, 1, 1, 1, 2, 2, 2, 1, 1, 1, 1, 2, 2, 1, 1, 1, 2, 1, 
1, 2, 2, 1, 2, 1, 1, 2, 2, 2, 1, 1, 2, 1, 1, 1, 1, 1, 2, 2, 2, 
1, 1, 1, 1, 1, 1, 2, 1, 2, 1, 2, 1, 1, 1, 1, 1, 1, 1, 1, 2, 2, 
2, 1, 1, 2, 1, 1, 1, 1, 1, 2, 1, 2, 1, 1, 2, 1, 1, 1, 1, 2, 2, 
1, 1, 2, 2, 1, 1, 1, 2, 2, 1, 2, 1, 2, 1, 1, 2, 2, 2, 1, 1, 1, 
1, 1, 2, 1, 1, 1, 1, 1, 2, 1, 2, 1, 1, 1, 1, 1, 1, 1, 2, 1, 1, 
2, 1, 2, 1, 1, 2, 1, 1, 2, 1, 2, 1, 2, 2, 1, 2, 1, 2, 1, 2, 1, 
2, 1, 2, 1, 1, 2, 2, 1, 1, 1, 1, 2, 1, 2, 2, 2, 1, 1, 1, 2, 2, 
1, 1, 1, 1, 1, 1, 1, 1, 2, 2, 2, 1, 2, 1, 2, 1, 1, 2, 1, 2, 1, 
2, 1, 2, 1, 2, 1, 1, 1, 2, 1, 2, 2, 1, 2, 1, 1, 1, 2, 1, 1, 1, 
1, 2, 1, 2, 2, 2, 1, 1, 1, 1, 1, 1, 1, 1, 1, 1, 1, 1, 1, 1, 1, 
1, 2, 1, 1, 1, 1, 1, 2, 1, 1, 1, 1, 1, 2, 1, 1, 2, 1, 1, 2, 1, 
2, 1, 2, 1, 1, 2, 1, 1, 1, 1, 2, 1, 1, 1, 1, 1, 1, 1, 1, 1, 1, 
2, 2, 1, 2, 1, 1, 1, 1, 1, 2, 2, 2, 1, 1, 1, 1, 2, 2, 2, 2, 2, 
1, 1, 1, 2, 1, 2, 2, 1, 1, 1, 2, 1, 2, 1, 2, 1, 2, 1, 2, 1, 1, 
1, 1, 1, 2, 1, 1, 1, 1, 2, 2, 1, 2, 1, 2, 2, 2, 2, 1, 1, 1, 1, 
1, 1, 1, 1, 1, 1, 1, 1, 1, 1, 1, 1, 2, 2, 1, 2, 1, 2, 1, 1, 1, 
1, 1, 2, 2, 1, 2, 2, 1, 1, 1, 1, 2, 1, 2, 1, 2, 1, 1, 1, 2, 1, 
1, 1, 2, 2, 1, 1, 2, 2, 2, 2, 1, 1, 1, 1, 1, 1, 1, 1, 1, 1, 1, 
2, 1, 1, 1, 1, 1, 1, 2, 1, 1, 1, 1, 1, 1, 2, 2, 2, 2, 2, 2, 2, 
1, 1, 1, 2, 1, 1, 2, 1, 2, 1, 1, 2, 1, 1, 2, 1, 2, 1, 1, 1, 1, 
1, 1, 1, 2, 2, 2, 1, 2, 1, 2, 1, 1, 1, 2, 2, 1, 2, 1, 2, 1, 2, 
2, 2, 1, 1, 2, 1, 1, 1, 2, 1, 2, 1, 1, 1, 1, 1, 1, 1, 2, 2, 2, 
1, 1, 2, 1, 1, 2, 2, 1, 2, 2, 1, 2, 1, 2, 1, 2, 1, 1, 1, 1, 1, 
1, 2, 1, 1, 1, 2, 1, 2, 1, 2, 1, 2, 1, 2, 1, 1, 2, 1, 2, 2, 2, 
2, 2, 2, 2, 1, 1, 1, 2, 2, 1, 2, 1, 2, 1, 2, 1, 1, 1, 1, 2, 2, 
1, 1, 1, 1, 1, 1, 1, 2, 1, 1, 1, 2, 1, 1, 2, 1, 1, 2, 1, 1, 2, 
1, 1, 1, 1, 1, 2, 1, 1, 1, 1, 1, 1, 2, 1, 1, 1, 1, 1, 1, 1, 1, 
2, 1, 1, 2, 1, 2, 2, 2, 2, 2, 1, 2, 2, 1, 1, 1, 1, 2, 1, 1, 2, 
1, 1, 1, 1, 2, 1, 1, 1, 1, 2, 2, 1, 2, 1, 2, 1, 1, 1, 2, 1, 2, 
2, 1, 2, 1, 1, 1, 1, 1, 1, 1, 1, 2, 1, 2, 1, 1, 1, 1, 2, 2, 1, 
1, 1, 1, 1, 1, 2, 1, 2, 1, 1, 2, 1, 2, 1, 2, 2, 1, 2, 1, 1, 2, 
2, 1, 1, 2, 1, 2, 1, 1, 1, 2, 1, 1, 1, 2, 1, 2, 1, 1, 2, 1, 1, 
2, 1, 1, 2, 1, 2, 1, 1, 1, 1, 2, 1, 1, 1, 2, 1, 1, 2, 2, 1, 1, 
1, 1, 1, 1, 1, 2, 1, 2, 1, 1, 2, 1, 2, 2, 1, 1, 1, 1, 2, 1, 2, 
1, 1, 1, 2, 1, 1, 1, 1, 2, 1, 2, 1, 1, 1, 2, 1, 2, 1, 1, 1, 2, 
1, 2, 1, 1, 2, 1, 1, 1, 1, 1, 1, 1, 2, 2, 2, 1, 1, 1, 2, 1, 1, 
1, 2, 2, 1, 1, 1, 1, 2, 2, 2, 1, 1, 1, 2, 2, 1, 1, 1, 1, 2, 1, 
1, 1, 1, 1, 1, 1, 1, 1, 1, 1, 1, 2, 1, 2, 1, 2, 2, 1, 2, 2, 2, 
2, 2, 2, 1, 2, 2, 1, 1, 1, 1, 1, 1, 1, 1, 1, 1, 1, 2, 1, 2, 2, 
2, 2, 1, 1, 2, 2, 1, 1, 1, 2, 2, 1, 2, 1, 2, 2, 2, 2, 2, 2, 1, 
1, 1, 1, 1, 1, 1, 2, 1, 1, 2, 1, 1, 1, 1, 1, 1, 1, 2, 2, 1, 1, 
1, 1, 2, 1, 1, 1, 2, 1, 2, 1, 1, 1, 1, 1, 1, 2, 2, 1, 1, 1, 2, 
1, 1, 2, 1, 1, 1, 1, 2, 1, 1, 1, 2, 1, 1, 1, 1, 2, 1, 1, 1, 1, 
2, 1, 2, 1, 2, 1, 1, 2, 1, 1, 1, 2, 1, 2, 2, 1, 1, 1, 1, 2, 1, 
1, 2, 2, 1, 2, 1, 1, 1, 1, 1, 1, 2, 1, 1, 1, 1, 2, 1, 1, 1, 2, 
1, 1, 2, 1, 1, 1, 1, 2, 1, 1, 1, 1, 2, 2, 1, 1, 2, 2, 1, 1, 1, 
1, 1, 2, 1, 2, 1, 2, 1, 2, 1, 1, 2, 1, 1, 1, 2, 1, 2, 1, 2, 1, 
1, 2, 1, 1, 2, 1, 1, 1, 1, 1, 2, 1, 2, 1, 2, 2, 2, 2, 1, 1, 2, 
2, 1, 2, 1, 1, 1, 1, 2, 1, 1, 1, 1, 1, 1, 1, 1, 2, 1, 2, 1, 1, 
1, 1, 1, 1, 1, 1, 2, 1, 1, 1, 2, 1, 1, 2, 1, 1, 1, 1, 1, 1, 2, 
1, 2, 2, 1, 2, 1, 1, 1, 1, 1, 1, 2, 2, 1, 1, 1, 1, 1, 1, 2, 1, 
2, 1, 1, 1, 1, 1, 2, 1, 2, 1, 1, 2, 1, 2, 1, 1, 1, 1, 2, 1, 2, 
1, 1, 2, 2, 1, 2, 2, 2, 1, 1, 1, 1, 2, 2, 1, 1, 1, 1, 1, 1, 1, 
2, 1, 1, 1, 1, 1, 2, 1, 1, 1, 1, 1, 1, 1, 1, 1, 1, 1, 2, 2, 2, 
2, 1, 2, 2, 2, 1, 2, 1, 1, 2, 1, 1, 2, 1, 1, 2, 1, 2, 1, 1, 2, 
1, 1, 1, 2, 2, 1, 2, 1, 1, 1, 1, 2, 1, 1, 1, 2, 1, 1, 2, 1, 1, 
2, 2, 2, 2, 2, 1, 1, 1, 1, 1, 2, 2, 1, 2, 1, 1, 1, 2, 2, 2, 1, 
2, 1, 1, 2, 2, 2, 2, 1, 1, 2, 1, 2, 1, 1, 2, 1, 1, 1, 1, 1, 1, 
2, 1, 1, 1, 2, 1, 1, 1, 2, 1, 1, 2, 1, 2, 1, 1, 2, 1, 1, 2, 2, 
1, 2, 1, 2, 2, 1, 1, 2, 1, 1, 1, 2, 1, 2, 1, 1, 2, 1, 1, 2, 2, 
1, 1, 2, 2, 2, 1, 1, 1, 1, 1, 2, 2, 2, 1, 2, 1, 1, 1, 1, 1, 2, 
1, 1, 2, 1, 1, 2, 1, 1, 1, 2, 1, 1, 1, 2, 2, 1, 1, 2, 1, 1, 2, 
1, 1, 1, 1, 1, 1, 1, 2, 1, 1, 1, 2, 1, 2, 1, 2, 1, 1, 1, 1, 2, 
1, 2, 1, 1, 2, 2, 2, 1, 2, 2, 1, 1, 2, 2, 1, 2, 2, 2, 2, 1, 1, 
1, 1, 1, 1, 1, 2, 1, 2, 1, 1, 1, 1, 1, 1, 2, 1, 1, 2, 2, 2, 1, 
1, 1, 1, 1, 1, 2, 2, 1, 1, 2, 1, 1, 1, 1, 1, 2, 1, 1, 2, 1, 1, 
2, 2, 1, 1, 2, 1, 1, 2, 2, 1, 1, 1, 1, 1, 1, 1, 1, 1, 1, 2, 1, 
2, 2, 1, 2, 1, 1, 2, 1, 1, 2, 1, 1, 2, 2, 1, 1, 2, 1, 2, 2, 1, 
1, 1, 2, 2, 1, 1, 1, 1, 1, 2, 2, 2, 2, 1, 1, 2, 1, 1, 2, 1, 1, 
1, 1, 1, 1, 1, 1, 2, 1, 1, 2, 2, 1, 2, 2, 1, 2, 1, 1, 1, 1, 1, 
1, 1, 2, 1, 2, 1, 1, 1, 1, 1, 1, 1, 1, 2, 1, 1, 1, 2, 1, 1, 2, 
1, 1, 1, 2, 1, 2, 2, 1, 1, 2, 1, 1, 1, 1, 1, 2, 1, 2, 1, 1, 2, 
1, 2, 1, 1, 1, 1, 1, 2, 1, 1, 2, 1, 2, 1, 1, 2, 2, 1, 2, 1, 1, 
2, 2, 1, 2, 2, 2, 1, 2, 1, 1, 2, 1, 1, 1, 1, 2, 1, 2, 2, 1, 1, 
1, 1, 2, 1, 2, 1, 1, 1, 1, 1, 1, 1, 1, 2, 2, 2, 1, 2, 1, 2, 1, 
2, 1, 1, 1, 1, 1, 1, 2, 2, 2, 1, 1, 1, 1, 2, 1, 1, 2, 2, 2, 1, 
1, 1, 1, 1, 2, 1, 1, 2, 1, 1, 1, 1, 1, 1, 2, 2, 1, 1, 1, 2, 1, 
1, 1, 2, 2, 2, 1, 1, 2, 2, 1, 1, 2, 1, 1, 2, 1, 1, 2, 1, 2, 1, 
2, 1, 1, 1, 1, 2, 2, 1, 1, 2, 1, 1, 1, 1, 1, 1, 2, 1, 1, 2, 1, 
2, 1, 1, 2, 1, 1, 1, 1, 1, 2, 2, 1, 1, 2, 1, 2, 2, 2, 1, 2, 1, 
1, 1, 1, 1, 1, 2, 2, 2, 1, 2, 2, 1, 1, 1, 2, 1, 2, 1, 1, 1, 2, 
1, 1, 1, 2, 1, 2, 1, 2, 2, 1, 1, 2, 1, 1, 2, 1, 1, 1, 1, 1, 2, 
1, 1, 1, 1, 1, 2, 1, 2, 1, 2, 2, 1, 1, 1, 1, 1, 1, 1, 1, 2, 2, 
2, 2, 2, 1, 1, 1, 1, 1, 1, 1, 1, 2, 1, 1, 1, 1, 1, 1, 1, 2, 1, 
1, 1, 2, 1, 1, 1, 2, 1, 2, 2, 2, 1, 1, 1, 1, 1, 1, 2, 1, 1, 2, 
1, 2, 1, 2, 2, 2, 1, 1, 2, 1, 2, 2, 1, 2, 1, 1, 1, 1, 1, 1, 2, 
1, 1, 1, 2, 2, 2, 1, 2, 1, 1, 2, 1, 2, 1, 2, 2, 2, 1, 1, 2, 1, 
2, 1, 1, 1, 1, 1, 1, 2, 1, 1, 2, 2, 1, 1, 2, 1, 1, 1, 2, 1, 1, 
1, 1, 2, 1, 1, 1, 1, 1, 1, 1, 1, 2, 1, 2, 2, 1, 1, 1, 2, 1, 2, 
1, 2, 2, 1, 1, 1, 2, 2, 1, 2, 2, 1, 1, 1, 1, 1, 1, 1, 2, 1, 1, 
1, 1, 1, 1, 2, 2, 2, 1, 1, 1, 1, 2, 2, 1, 1, 1, 2, 1, 2, 2, 1, 
2, 2, 1, 1, 1, 2, 1, 2, 2, 1, 1, 2, 1, 1, 1, 1, 1, 2, 2, 1, 1, 
2, 2, 1, 1, 2, 2, 1, 2, 1, 2, 1, 1, 1, 1, 1, 2, 2, 1, 1, 2, 1, 
2, 1, 2, 1, 1, 1, 2, 1, 1, 1, 1, 1, 1, 1, 2, 2, 2, 1, 1, 1, 1, 
1, 1, 2, 2, 2, 2, 2, 2, 2, 2, 1, 2, 1, 1, 2, 2, 1, 1, 1, 1, 1, 
1, 1, 1, 1, 1, 1, 2, 1, 1, 1, 1, 1, 1, 2, 2, 1, 1, 1, 1, 1, 1, 
2, 1, 1, 2, 1, 1, 1, 1, 1, 1, 1, 2, 1, 1, 1, 1, 2, 1, 1, 2, 1, 
1, 2, 1, 1, 2, 1, 1, 2, 1, 2, 2, 1, 1, 2, 1, 1, 1, 1, 2, 1, 1, 
1, 1, 1, 1, 2, 1, 1, 1, 1, 1, 1, 1, 1, 2, 1, 1, 1, 1, 1, 2, 2, 
1, 2, 1, 2, 2, 2, 2, 1, 1, 2, 1, 2, 2, 1, 1, 1, 1, 1, 2, 1, 1, 
1, 1, 1, 1, 2, 2, 1, 2, 1, 2, 1, 1, 1, 2, 1, 1, 1, 1, 1, 1, 1, 
1, 1, 1, 1, 2, 1, 1, 1, 1, 1, 2, 2, 1, 1, 1, 1, 2, 1, 1, 1, 2, 
1, 1, 2, 1, 1, 1, 2, 1, 2, 1, 1, 2, 1, 1, 1, 2, 2, 1, 1, 2, 1, 
2, 1, 2, 1, 1, 1, 1, 1, 1, 1, 2, 1, 2, 1, 1, 1, 2, 1, 2, 1, 1, 
2, 1, 1, 1, 1, 1, 1, 1, 1, 1, 1, 1, 2, 1, 1, 1, 1, 1, 2, 2, 1, 
1, 2, 2, 1, 2, 2, 1, 1, 2, 1, 1, 1, 1, 1, 1, 1, 1, 1, 1, 1, 1, 
1, 2, 1, 1, 1, 2, 2, 1, 1, 2, 1, 1, 1, 1, 2, 1, 1, 1, 1, 2, 1, 
1, 1, 2, 1, 2, 1, 2, 1, 1, 2, 2, 1, 1, 2, 1, 1, 2, 2, 2, 2, 1, 
2, 2, 2, 1, 1, 1, 2, 1, 2, 2, 1, 1, 2, 1, 2, 1, 1, 2, 1, 2, 2, 
1, 1, 1, 1, 1, 1, 1, 2, 1, 1, 1, 1, 1, 1, 1, 2, 1, 2, 1, 2, 2, 
1, 1, 1, 2, 1, 1, 1, 1, 2, 1, 2, 2, 1, 1, 1, 1, 2, 1, 1, 1, 2, 
1, 1, 1, 1, 1, 1, 1, 2, 1, 1, 1, 1, 1, 2, 2, 1, 1, 1, 1, 1, 1, 
1, 1, 2, 1, 1, 1, 1, 1, 1, 1, 2, 2, 2, 1, 1, 2, 1, 2, 1, 1, 1, 
1, 2, 2, 1, 1, 1, 2, 2, 1, 2, 1, 1, 1, 1, 2, 1, 2, 1, 1, 2, 1, 
1, 1, 2, 1, 2, 1, 1, 2, 1, 1, 1, 2, 1, 2, 2, 2, 2, 1, 2, 1, 2, 
1, 1, 2, 1, 2, 2, 1, 2, 1, 2, 2, 1, 1, 2, 1, 1, 2, 2, 1, 2, 2, 
1, 1, 1, 1, 2, 1, 1, 2, 1, 1, 2, 1, 1, 1, 1, 1, 2, 1, 1, 1, 1, 
1, 2, 1, 1, 2, 1, 1, 2, 2, 1, 1, 1, 1, 1, 1, 2, 2, 2, 2, 1, 1, 
1, 2, 1, 1, 2, 1, 2, 1, 1, 1, 1, 1, 2, 1, 2, 2, 1, 1, 1, 1, 1, 
2, 2, 1, 1, 1, 1, 2, 1, 1, 1, 1, 1, 1, 2, 2, 1, 1, 1, 1, 1, 2, 
2, 1, 1, 1, 2, 1, 1, 2, 1, 2, 2, 2, 2, 1, 1, 1, 1, 1, 2, 2, 1, 
2, 1, 2, 1, 1, 1, 1, 1, 1, 1, 1, 2, 2, 1, 2, 1, 1, 1, 1, 2, 1, 
2, 1, 2, 1, 1, 2, 2, 1, 1, 1, 2, 1, 2, 2, 1, 1, 1, 1, 1, 2, 1, 
2, 1, 1, 1, 1, 2, 2, 2, 2, 2, 1, 1, 2, 1, 2, 2, 1, 2, 2, 1, 1, 
2, 1, 2, 2, 1, 2, 1, 2, 1, 1, 2, 1, 2, 2, 2, 1, 1, 1, 1, 2, 2, 
1, 1, 2, 1, 1, 1, 2, 1, 1, 2, 1, 2, 1, 1, 1, 2, 1, 2, 1, 1, 2, 
1, 1, 2, 1, 2, 1, 2, 1, 2, 2, 2, 2, 1, 2, 1, 2, 1, 1, 2, 1, 1, 
1, 2, 1, 1, 1, 1, 1, 1, 1, 1, 2, 1, 1, 1, 2, 1, 1, 1, 1, 1, 2, 
1, 2, 1, 2, 2, 1, 1, 2, 1, 1, 2, 1, 2, 2, 1, 1, 1, 1, 2, 1, 2, 
1, 2, 1, 2, 1, 1, 1, 1, 1, 1, 1, 1, 2, 1, 2, 1, 2, 2, 2, 1, 1, 
1, 1, 1, 1, 1, 1, 1, 1, 1, 2, 1, 1, 1, 2, 2, 2, 1, 2, 1, 1, 1, 
1, 2, 2, 1, 2, 1, 2, 1, 1, 1, 1, 1, 1, 1, 2, 2, 1, 1, 1, 1, 2, 
2, 1, 1, 1, 1, 2, 2, 2, 2, 1, 1, 1, 1, 1, 1, 1, 2, 1, 2, 1, 1, 
1, 1, 2, 1, 2, 2, 2, 1, 2, 2, 2, 2, 1, 1, 2, 2, 2, 1, 1, 1, 2, 
2, 1, 2, 2, 1, 2, 2, 2, 1, 1, 1, 1, 1, 1, 2, 1, 1, 1, 1, 1, 2, 
1, 2, 1, 1, 2, 1, 2, 2, 2, 1, 1, 1, 2, 1, 1, 2, 1, 2, 2, 1, 1, 
2, 2, 1, 2, 2, 1, 2, 1, 1, 2, 1, 2, 1, 1, 1, 1, 1, 1, 1, 1, 2, 
2, 2, 1, 1, 1, 1, 1, 2, 2, 1, 1, 1, 1, 2, 1, 1, 2, 2, 2, 2, 1, 
1, 1, 2, 2, 2, 1, 1, 2, 1, 2, 1, 1, 1, 1, 2, 1, 2, 1, 1, 1, 2, 
1, 1, 1, 1, 1, 2, 1, 2, 2, 1, 2, 1, 2, 1, 1, 1, 1, 1, 1, 2, 2, 
1, 1, 1, 1, 1, 1, 2, 1, 1, 1, 1, 1, 2, 1, 2, 1, 2, 2, 2, 2, 1, 
2, 1, 1, 2, 2, 1, 1, 1, 1, 2, 1, 1, 2, 2, 1, 1, 1, 2, 1, 1, 2, 
2, 1, 2, 1, 1, 2, 1, 1, 2, 1, 1, 1, 1, 1, 2, 2, 1, 1, 1, 1, 1, 
1, 1, 2, 1, 2, 2, 1, 2, 2, 1, 1, 1, 2, 2, 1, 2, 2, 1, 1, 2, 1, 
1, 1, 1, 2, 2, 1, 1, 1, 1, 2, 1, 1, 1, 1, 2, 1, 1, 1, 2, 2, 2, 
1, 2, 1, 1, 1, 2, 1, 2, 2, 1, 2, 2, 1, 1, 2, 2, 2, 1, 1, 1, 2, 
1, 1, 1, 1, 1, 1, 2, 1, 1, 2, 1, 1, 1, 1, 1, 1, 1, 1, 2, 2, 2, 
1, 1, 1, 2, 1, 2, 1, 1, 1, 2, 2, 1, 1, 2, 2, 2, 2, 1, 1, 2, 1, 
1, 2, 2, 2, 1, 2, 1, 2, 2, 1, 2, 1, 2, 2, 2, 2, 1, 1, 2, 1, 1, 
2, 2, 1, 1, 1, 1, 1, 1, 2, 2, 2, 2, 1, 1, 2, 1, 1, 1, 1, 1, 1, 
1, 2, 1, 1, 1, 2, 2, 1, 1, 1, 2, 2, 2, 1, 2, 2, 2, 1, 1, 2, 1, 
1, 1, 1, 1, 1, 2, 2, 1, 1, 2, 1, 1, 1, 1, 2, 1, 2, 1, 1, 1, 2, 
1, 1, 1, 1, 1, 2, 2, 1, 2, 1, 1, 2, 1, 2, 2, 1, 1, 2, 2, 2, 1, 
1, 1, 1, 2, 1, 1, 1, 1, 2, 1, 2, 2, 2, 1, 1, 1, 2, 1, 2, 2, 1, 
1, 1, 1, 2, 1, 1, 1, 1, 1, 2, 1, 1, 1, 1, 1, 1, 1, 1, 2, 1, 1, 
1, 2, 2, 1, 1, 2, 1, 1, 1, 1, 2, 2, 1, 2, 1, 1, 1, 2, 1, 2, 2, 
1, 2, 2, 1, 2, 2, 2, 1, 2, 1, 2, 1, 1, 1, 1, 1, 1, 1, 2, 2, 1, 
1, 1, 1, 1, 2, 1, 1, 1, 1, 1, 1, 2, 2, 1, 1, 1, 1, 1, 1, 2, 2, 
1, 1, 1, 1, 1, 2, 2, 2, 1, 2, 1, 2, 2, 1, 1, 1, 2, 1, 1, 2, 1, 
1, 1, 1, 1, 1, 1, 1, 2, 1, 1, 2, 1, 2, 2, 1, 1, 2, 1, 2, 1, 1, 
2, 2, 2, 1, 2, 1, 2, 1, 1, 1, 1, 1, 2, 1, 2, 2, 1, 2, 1, 1, 1, 
1, 2, 1, 1, 1, 1, 1, 1, 2, 1, 1, 1, 2, 2, 2, 1, 1, 1, 2, 1, 1, 
2, 2, 2, 1, 2, 1, 1, 2, 1, 1, 1, 1, 1, 1, 2, 2, 2, 1, 1, 1, 1, 
2, 1, 1, 2, 1, 2, 2, 2, 1, 1, 2, 2, 1, 2, 1, 1, 1, 1, 1, 1, 1, 
2, 1, 1, 1, 2, 1, 2, 1, 1, 1, 2, 1, 2, 1, 1, 2, 2, 1, 1, 2, 1, 
2, 1, 1, 2, 1, 1, 1, 2, 1, 1, 1, 2, 1, 2, 1, 1, 1, 1, 1, 1, 1, 
1, 1, 2, 2, 1, 1, 2, 1, 2, 1, 1, 1, 2, 2, 1, 1, 1, 1, 2, 1, 1, 
2, 1, 2, 2, 1, 1, 1, 2, 1, 2, 2, 1, 1, 2, 2, 2, 2, 1, 1, 1, 1, 
2, 1, 1, 1, 1, 1, 1, 1, 1, 1, 1, 1, 1, 1, 2, 1, 2, 1, 2, 1, 2, 
2, 1, 1, 2, 2, 1, 2, 1, 1, 2, 1, 1, 1, 1, 2, 1, 1, 1, 1, 1, 1, 
1, 1, 1, 2, 1, 2, 2, 2, 1, 1, 1, 1, 1, 2, 2, 2, 2, 1, 1, 1, 1, 
2, 1, 1, 1, 2, 1, 1, 2, 1, 2, 1, 1, 2, 2, 1, 1, 1, 1, 1, 1, 2, 
1, 1, 1, 1, 1, 1, 1, 2, 1, 2, 1, 1, 1, 1, 1, 1, 1, 1, 2, 1, 1, 
1, 1, 2, 1, 1, 1, 2, 1, 2, 1, 1, 1, 1, 1, 2, 1, 1, 1, 1, 2, 1, 
2, 2, 1, 1, 1, 2, 2, 2, 1, 1, 1, 1, 1, 2, 1, 1, 2, 1, 2, 1, 1, 
2, 2, 2, 2, 2, 2, 1, 1, 2, 1, 1, 1, 2, 1, 1, 2, 1, 1, 1, 1, 1, 
1, 1, 2, 1, 2, 1, 1, 1, 2, 1, 1, 2, 1, 2, 1, 1, 1, 1, 1, 1, 2, 
1, 2, 2, 1, 2, 1, 1, 2, 1, 2, 2, 2, 1, 1, 1, 1, 1, 1, 1, 1, 2, 
2, 1, 1, 1, 2, 1, 1, 1, 1, 1, 1, 2, 2, 1, 2, 1, 2, 2, 1, 1, 1, 
1, 2, 1, 1, 2, 2, 2, 1, 2, 2, 1, 1, 1, 1, 1, 2, 2, 1, 2, 2, 1, 
1, 1, 1, 1, 1, 1, 2, 1, 2, 1, 1, 2, 2, 1, 1, 1, 1, 2, 1, 1, 2, 
2, 1, 1, 1, 1, 1, 1, 1, 2, 1, 1, 2, 1, 1, 1, 1, 1, 1, 2, 1, 1, 
1, 2, 1, 1, 2, 1, 1, 1, 1, 1, 2, 1, 1, 1, 2, 1, 1, 1, 2, 1, 2, 
2, 2, 2, 2, 1, 1, 2, 1, 2, 1, 1, 2, 1, 2, 2, 1, 1, 1, 1, 1, 2, 
2, 2, 1, 1, 1, 2, 1, 2, 2, 2, 1, 1, 1, 2, 1, 1, 2, 1, 1, 1, 1, 
1, 1, 2, 1, 1, 1, 2, 2, 1, 2, 1, 1, 1, 2, 1, 2, 1, 1, 2, 1, 1, 
2, 1, 1, 1, 2, 2, 1, 1, 1, 1, 1, 1, 1, 2, 2, 1, 1, 1, 1, 1, 1, 
1, 2, 2, 2, 1, 1, 2, 2, 1, 1, 2, 2, 2, 2, 1, 1, 1, 2, 1, 1, 2, 
1, 1, 1, 2, 2, 1, 1, 1, 1, 1, 1, 2, 1, 1, 1, 1, 1, 1, 2, 1, 1, 
1, 1, 2, 2, 1, 1, 1, 2, 1, 1, 2, 1, 2, 1, 2, 2, 1, 1, 1, 2, 2, 
2, 2, 1, 1, 2, 1, 1, 1, 1, 1, 1, 2, 1, 1, 1, 2, 1, 1, 1, 1, 2, 
1, 1, 2, 1, 1, 2, 1, 1, 1, 2, 1, 2, 1, 1, 1, 2, 1, 2, 2, 1, 2, 
1, 2, 1, 1, 1, 1, 2, 1, 1, 2, 1, 2, 1, 1, 1, 1, 2, 2, 1, 2, 1, 
2, 1, 1, 2, 1, 2, 1, 1, 2, 2, 1, 2, 1, 1, 1, 1, 1, 1, 1, 1, 1, 
1, 1, 1, 1, 1, 1, 1, 1, 2, 1, 1, 1, 1, 1, 2, 2, 2, 2, 1, 1, 2, 
1, 2, 2, 1, 1, 1, 1, 1, 1, 2, 1, 1, 2, 1, 1, 1, 2, 2, 1, 1, 1, 
1, 2, 1, 2, 1, 2, 1, 1, 1, 2, 1, 1, 1, 1, 1, 2, 1, 1, 1, 2, 1, 
2, 2, 1, 1, 1, 2, 2, 2, 1, 1, 1, 1, 1, 1, 2, 1, 1, 2, 1, 1, 2, 
1, 1, 1, 2, 2, 1, 1, 2, 1, 1, 2, 1, 1, 1, 1, 1, 1, 1, 2, 1, 1, 
1, 2, 2, 2, 2, 2, 1, 2, 1, 1, 1, 2, 2, 1, 1, 2, 1, 1, 1, 2, 1, 
1, 1, 2, 1, 1, 2, 1, 1, 1, 1, 1, 1, 2, 2, 2, 2, 2, 1, 1, 1, 1, 
1, 1, 2, 1, 1, 1, 2, 1, 2, 1, 1, 1, 2, 2, 1, 1, 1, 1, 2, 1, 1, 
2, 1, 1, 1, 1, 1, 1, 1, 2, 1, 1, 1, 1, 1, 1, 2, 1, 2, 2, 1, 1, 
1, 2, 1, 1, 1, 1, 1, 2, 1, 2, 2, 1, 2, 1, 2, 1, 1, 2, 1, 1, 2, 
1, 1, 1, 1, 2, 2, 2, 1, 2, 2, 1, 1, 1, 1, 2, 2, 2, 2, 1, 1, 2, 
1, 2, 1, 1, 2, 2, 1, 1, 1, 1, 1, 1, 1, 2, 2, 1, 1, 2, 2, 1, 1, 
1, 2, 1, 2, 1, 1, 2, 2, 1, 1, 1, 1, 2, 1, 1, 2, 1, 2, 1, 1, 1, 
1, 1, 1, 1, 1, 1, 1, 1, 1, 1, 1, 2, 1, 1, 1, 1, 1, 2, 1, 1, 1, 
1, 1, 1, 1, 2, 2, 1, 2, 1, 2, 1, 1, 2, 2, 1, 1, 1, 1, 1, 1, 2, 
1, 2, 2, 1, 2, 1, 1, 1, 1, 1, 1, 1, 2, 1, 1, 2, 2, 1, 1, 2, 1, 
2, 2, 2, 1, 1, 1, 1, 1, 1, 1, 1, 2, 1, 2, 2, 1, 1, 1, 2, 1, 2, 
2, 1, 2, 1, 1, 1, 1, 1, 2, 2, 1, 1, 1, 2, 1, 2, 1, 1, 1, 1, 1, 
2, 1, 1, 1, 2, 1, 1, 1, 2, 2, 1, 1, 2, 1, 2, 2, 1, 1, 1, 1, 2, 
1, 1, 1, 1, 1, 1, 1, 1, 1, 2, 1, 2, 1, 1, 1, 1, 2, 1, 1, 1, 1, 
2, 1, 1, 1, 1, 2, 2, 1, 2, 1, 2, 1, 2, 1, 1, 2, 1, 1, 1, 2, 1, 
1, 1, 1, 2, 1, 1, 1, 2, 1, 2, 2, 1, 2, 2, 2, 1, 1, 2, 1, 1, 1, 
1, 2, 2, 1, 1, 2, 1, 2, 1, 2, 2, 1, 1, 2, 1, 1, 1, 1, 2, 1, 1, 
2, 1, 2, 1, 1, 1, 1, 1, 1, 2, 1, 2, 2, 1, 1, 2, 2, 1, 1, 2, 1, 
2, 1, 2, 2, 1, 1, 2, 1, 2, 1, 2, 1, 2, 2, 1, 2, 1, 2, 1, 1, 2, 
2, 2, 1, 2, 1, 2, 2, 2, 2, 1, 2, 2, 1, 1, 1, 1, 2, 1, 1, 1, 1, 
2, 1, 2, 1, 1, 1, 1, 2, 2, 1, 2, 2, 2, 1, 2, 1, 1, 2, 2, 1, 1, 
1, 2, 1, 1, 1, 2, 1, 1, 1, 1, 1, 2, 1, 1, 1, 2, 2, 2, 2, 2, 2, 
1, 1, 2, 1, 2, 2, 1, 1, 1, 1, 2, 2, 1, 1, 1, 1, 1, 2, 1, 1, 2, 
1, 1, 1, 2, 2, 1, 2, 2, 1, 1, 1, 2, 2, 2, 2, 2, 1, 1, 1, 1, 2, 
2, 1, 1, 1, 1, 2, 1, 2, 2, 1, 2, 1, 1, 1, 1, 1, 1, 2, 1, 2, 2, 
2, 2, 2, 1, 2, 1, 2, 1, 1, 1, 1, 1, 2, 2, 2, 1, 1, 2, 2, 1, 1, 
1, 1, 1, 1, 1, 1, 1, 2, 2, 1, 1, 1, 1, 1, 2, 1, 1, 2, 1, 1, 1, 
2, 2, 1, 1, 1, 1, 2, 1, 1, 2, 1, 2, 1, 1, 1, 1, 1, 2, 1, 1, 2, 
1, 1, 2, 1, 1, 1, 1, 1, 1, 2, 1, 2, 2, 1, 2, 1, 2, 1, 1, 1, 1, 
1, 1, 2, 2, 2, 1, 1, 2, 1, 1, 1, 2, 2, 1, 2, 1, 2, 1, 1, 1, 2, 
2, 2, 1, 1, 1, 2, 1, 1, 1, 2, 1, 2, 1, 1, 1, 2, 1, 2, 2, 2, 1, 
1, 2, 2, 1, 1, 1, 2, 1, 1, 1, 1, 2, 2, 1, 1, 1, 1, 1, 2, 1, 1, 
2, 1, 1, 2, 1, 2, 2, 1, 1, 2, 1, 2, 1, 1, 1, 1, 1, 2, 1, 2, 1, 
1, 2, 2, 1, 1, 2, 1, 2, 2, 1, 1, 1, 2, 1, 1, 1, 2, 1, 2, 1, 2, 
2, 1, 2, 1, 1, 1, 1, 1, 2, 1, 1, 2, 2, 2, 1, 2, 1, 1, 1, 1, 1, 
2, 1, 1, 1, 1, 1, 1, 1, 2, 1, 1, 1, 2, 2, 1, 1, 1, 1, 1, 1, 1, 
1, 1, 1, 1, 1, 1, 2, 2, 2, 2, 2, 1, 2, 2, 2, 2, 1, 1, 1, 1, 1, 
1, 2, 2, 1, 1, 2, 1, 1, 2, 1, 1, 2, 2, 1, 2, 2, 1, 2, 1, 1, 1, 
1, 1, 1, 2, 2, 2, 1, 1, 1, 2, 1, 1, 2, 1, 1, 1, 2, 1, 1, 2, 1, 
2, 1, 1, 1, 2, 2, 1, 1, 1, 2, 2, 1, 1, 1, 1, 1, 1, 1, 1, 2, 1, 
1, 1, 2, 1, 2, 2, 2, 2, 2, 2, 2, 2, 2, 2, 1, 1, 1, 1, 1, 1, 1, 
2, 1, 1, 1, 2, 2, 1, 1, 1, 2, 2, 1, 1, 1, 1, 1, 1, 1, 1, 2, 1, 
2, 1, 2, 1, 2, 2, 2, 2, 1, 1, 1, 2, 2, 2, 1, 2, 1, 1, 1, 1, 2, 
2, 1, 1, 1, 2, 1, 1, 1, 2, 2, 1, 1, 2, 1, 2, 2, 1, 1, 1, 2, 2, 
1, 2, 1, 2, 2, 1, 1, 2, 1, 2, 1, 1, 2, 1, 1, 1, 1, 1, 1, 2, 1, 
1, 1, 2, 2, 2, 2, 1, 1, 1, 2, 1, 1, 1, 2, 2, 2, 1, 2, 2, 1, 1, 
1, 2, 1, 2, 2, 1, 1, 2, 2, 1, 1, 1, 1, 2, 2, 2, 2, 1, 2, 2, 2, 
1, 1, 1, 1, 2, 2, 1, 1, 1, 1, 1, 2, 1, 1, 1, 1, 2, 1, 2, 2, 2, 
1, 2, 1, 2, 2, 1, 1, 2, 1, 1, 2, 2, 2, 1, 2, 1, 1, 1, 2, 2, 1, 
1, 1, 1, 1, 2, 1, 1, 1, 2, 1, 1, 1, 1, 1, 1, 2, 1, 2, 1, 1, 2, 
1, 2, 1, 1, 1, 1, 2, 1, 2, 2, 1, 2, 1, 2, 2, 1, 1, 2, 1, 1, 2, 
1, 1, 1, 1, 1, 2, 1, 2, 1, 1, 1, 2, 2, 1, 1, 1, 2, 2, 2, 1, 2, 
2, 2, 1, 1, 2, 1, 2, 2, 1, 1, 1, 1, 2, 1, 1, 1, 2, 1, 1, 1, 1, 
1, 2, 1, 1, 2, 2, 1, 2, 2, 1, 1, 1, 2, 2, 2, 2, 2, 1, 1, 2, 1, 
1, 2, 1, 1, 1, 1, 1, 1, 1, 1, 1, 2, 2, 1, 1, 2, 2, 2, 2, 1, 1, 
1, 2, 1, 2, 1, 1, 2, 1, 1, 1, 2, 2, 1, 2, 1, 1, 1, 1, 2, 1, 1, 
1, 2, 1, 2, 1, 2, 1, 1, 1, 1, 2, 1, 1, 1, 1, 2, 1, 1, 2, 2, 1, 
1, 2, 2, 1, 1, 2, 1, 2, 1, 1, 1, 1, 1, 1, 2, 1, 1, 1, 1, 1, 1, 
2, 1, 2, 1, 1, 2, 1, 2, 1, 1, 1, 2, 1, 1, 1, 1, 1, 1, 2, 1, 1, 
1, 1, 1, 1, 1, 2, 1, 1, 1, 1, 1, 1, 1, 1, 1, 1, 1, 1, 1, 2, 2, 
1, 1, 1, 1, 1, 2, 2, 1, 1, 1, 1, 1, 1, 1, 1, 1, 1, 1, 1, 1, 1, 
2, 1, 2, 1, 1, 2, 1, 1, 2, 1, 1, 2, 1, 1, 1, 1, 1, 1, 2, 2, 1, 
2, 2, 2, 2, 2, 1, 1, 2, 1, 1, 1, 1, 1, 2, 2, 1, 1, 2, 1, 2, 1, 
2, 2, 1, 1, 2, 2, 2, 2, 1, 1, 1, 2, 1, 2, 1, 1, 1, 1, 2, 1, 1, 
2, 1, 2, 2, 1, 1, 1, 1, 1, 1, 1, 2, 1, 1, 1, 1, 2, 1, 1, 2, 2, 
2, 1, 2, 2, 1, 1, 2, 1, 1, 1, 2, 2, 1, 1, 1, 1, 1, 2, 2, 1, 1, 
2, 1, 2, 2, 2, 1, 2, 1, 1, 1, 2, 2, 1, 1, 2, 1, 2, 2, 1, 2, 2, 
1, 1, 1, 1, 2, 2, 2, 1, 1, 1, 2, 2, 1, 1, 1, 1, 1, 1, 1, 2, 1, 
2, 1, 1, 1, 1, 2, 1, 2, 1, 1, 1, 1, 2, 2, 2, 1, 1, 1, 2, 1, 1, 
2, 2, 1, 2, 1, 2, 1, 2, 1, 1, 1, 1, 2, 1, 2, 1, 2, 2, 1, 2, 2, 
2, 1, 1, 1, 2, 1, 2, 1, 1, 2, 2, 1, 2, 1, 1, 2, 1, 1, 2, 1, 1, 
1, 2, 2, 1, 1, 1, 1, 2, 2, 2, 2, 1, 2, 2, 1, 1, 1, 1, 1, 2, 2, 
1, 2, 1, 1, 1, 2, 1, 2, 1, 2, 1, 1, 1, 1, 1, 2, 1, 1, 1, 2, 1, 
1, 2, 1, 1, 2, 2, 2, 2, 2, 1, 1, 1, 1, 2, 2, 1, 1, 1, 1, 1, 1, 
1, 1, 2, 1, 1, 2, 2, 2, 1, 1, 1, 1, 2, 1, 1, 1, 2, 1, 1, 2, 2, 
2, 1, 1, 1, 1, 2, 2, 1, 1, 1, 2, 1, 1, 1, 1, 1, 1, 2, 1, 2, 1, 
1, 1, 1, 1, 1, 1, 1, 1, 1, 1, 2, 1, 1, 1, 2, 1, 2, 1, 2, 2, 1, 
1, 2, 1, 1, 1, 2, 1, 2, 2, 2, 1, 2, 1, 2, 1, 1, 1, 2, 1, 2, 1, 
1, 2, 1, 1, 1, 1, 1, 1, 2, 1, 2, 2, 2, 1, 2, 1, 2, 2, 1, 1, 1, 
1, 2, 1, 1, 1, 2, 1, 2, 1, 2, 2, 1, 2, 2, 2, 2, 2, 2, 1, 2, 1, 
1, 1, 2, 2, 1, 2, 1, 2, 1, 1, 1, 1, 1, 1, 1, 2, 1, 1, 1, 1, 1, 
1, 1, 1, 2, 2, 1, 2, 1, 2, 2, 1, 1, 2, 1, 2, 1, 2, 1, 1, 1, 1, 
1, 1, 2, 2, 1, 2, 2, 1, 1, 2, 1, 2, 2, 1, 1, 1, 1, 1, 1, 1, 1, 
1, 1, 1, 2, 1, 2, 1, 2, 2, 1, 2, 2, 2, 1, 1, 1, 2, 1, 1, 2, 2, 
2, 2, 2, 1, 2, 1, 1, 2, 2, 1, 1, 2, 2, 1, 1, 1, 2, 2, 2, 1, 2, 
1, 2, 1, 1, 1, 1, 1, 1, 1, 2, 2, 1, 1, 1, 1, 1, 1, 1, 2, 2, 1, 
1, 1, 2, 1, 1, 1, 1, 2, 1, 1, 1, 2, 1, 1, 1, 1, 2, 1, 1, 1, 1, 
1, 1, 1, 1, 2, 1, 1, 1, 2, 1, 1, 2, 2, 1, 1, 1, 1, 1, 1, 1, 2, 
2, 2, 1, 2, 2, 2, 2, 1, 1, 2, 2, 2, 1, 1, 1, 1, 2, 1, 1, 1, 2, 
1, 1, 2, 1, 2, 1, 2, 1, 1, 2, 1, 2, 1, 1, 1, 1, 1, 1, 1, 2, 1, 
1, 2, 1, 2, 1, 2, 1, 1, 2, 2, 2, 2, 1, 1, 1, 2, 2, 2, 1, 1, 1, 
1, 1, 1, 1, 1, 1, 1, 1, 1, 1, 1, 1, 2, 1, 1, 1, 1, 1, 2, 1, 2, 
1, 1, 1, 1, 2, 1, 1, 2, 2, 1, 1, 2, 1, 1, 1, 1, 1, 1, 2, 1, 1, 
2, 1, 1, 1, 2, 2, 1, 1, 1, 1, 1, 2, 1, 2, 1, 1, 1, 1, 1, 1, 1, 
1, 1, 1, 1, 1, 2, 1, 1, 2, 1, 2, 2, 1, 1, 1, 1, 2, 2, 1, 1, 2, 
1, 1, 1, 1, 2, 1, 1, 1, 1, 1, 2, 1, 1, 1, 2, 2, 1, 1, 2, 1, 1, 
2, 1, 2, 1, 2, 2, 1, 1, 1, 1, 1, 2, 1, 1, 1, 1, 2, 1, 1, 2, 1, 
2, 2, 1, 1, 1, 2, 2, 1, 1, 2, 1, 1, 1, 1, 2, 1, 2, 2, 1, 1, 1, 
1, 1, 1, 1, 1, 2, 2, 2, 2, 1, 1, 2, 1, 1, 2, 1, 1, 1, 2, 2, 1, 
1, 1, 1, 2, 2, 2, 2, 2, 1, 2, 1, 2, 1, 2, 1, 1, 1, 2, 2, 1, 1, 
2, 1, 2, 2, 2, 2, 1, 2, 1, 1, 2, 1, 1, 1, 2, 1, 2, 1, 2, 1, 2, 
2, 1, 2, 2, 1, 1, 2, 1, 1, 1, 1, 2, 1, 1, 2, 1, 1, 2, 1, 1, 2, 
1, 1, 2, 1, 1, 2, 2, 1, 1, 1, 1, 1, 1, 1, 2, 2, 1, 1, 2, 1, 2, 
2, 1, 2, 2, 2, 2, 2, 1, 1, 1, 1, 2, 1, 2, 2, 1, 1, 1, 1, 1, 2, 
1, 1, 1, 1, 1, 1, 1, 1, 1, 1, 1, 2, 1, 1, 1, 1, 1, 2, 2, 1, 1, 
2, 2, 1, 1, 1, 1, 1, 1, 1, 2, 2, 1, 2, 1, 1, 2, 2, 2, 1, 1, 2, 
2, 1, 1, 1, 1, 2, 1, 2, 1, 1, 1, 1, 1, 2, 1, 1, 1, 2, 2, 1, 2, 
1, 1, 1, 1, 1, 1, 2, 2, 1, 2, 2, 1, 1, 1, 1, 1, 2, 2, 2, 2, 1, 
2, 1, 2, 1, 2, 1, 1, 2, 2, 2, 1, 2, 1, 1, 1, 1, 1, 1, 1, 1, 1, 
2, 1, 1, 1, 1, 1, 2, 1, 1, 1, 1, 1, 2, 2, 1, 2, 1, 2, 1, 2, 1, 
1, 2, 1, 1, 1, 1, 1, 2, 1, 1, 2, 1, 1, 1, 1, 2, 2, 2, 1, 1, 1, 
1, 2, 1, 2, 1, 1, 1, 2, 1, 2, 1, 1, 2, 1, 1, 2, 1, 1, 1, 1, 2, 
2, 1, 2, 1, 2, 1, 2, 1, 1, 1, 2, 1, 1, 1, 1, 1, 2, 1, 2, 2, 2, 
1, 1, 2, 1, 1, 1, 1, 2, 1, 1, 1, 2, 2, 2, 1, 1, 1, 2, 1, 2, 1, 
1, 1, 1, 1, 1, 2, 2, 1, 1, 1, 1, 2, 1, 1, 1, 2, 2, 1, 1, 1, 1, 
2, 1, 2, 1, 1, 2, 1, 1, 1, 1, 2, 2, 1, 2, 2, 1, 1, 1, 1, 1, 1, 
2, 1, 2, 1, 1, 1, 1, 1, 1, 2, 2, 2, 1, 1, 1, 1, 1, 1, 1, 1, 1, 
1, 1, 2, 1, 1, 1, 1, 1, 1, 2, 2, 1, 1, 1, 1, 1, 2, 1, 1, 1, 1, 
2, 1, 1, 2, 2, 2, 1, 1, 2, 1, 2, 1, 1, 2, 1, 1, 2, 2, 1, 1, 1, 
1, 2, 1, 2, 1, 1, 1, 1, 2, 1, 1, 2, 2, 2, 2, 1, 2, 1, 2, 1, 1, 
1, 1, 1, 1, 1, 1, 1, 2, 1, 1, 2, 1, 1, 1, 2, 2, 1, 1, 1, 1, 2, 
1, 2, 1, 1, 1, 1, 1, 1, 2, 1, 1, 1, 1, 1, 2, 1, 1, 1, 1, 2, 1, 
2, 2, 2, 2, 2, 1, 1, 1, 1, 1, 1, 2, 1, 2, 1, 2, 1, 1, 2, 1, 2, 
1, 1, 1, 2, 2, 2, 1, 1, 1, 2, 1, 1, 1, 2, 2, 1, 1, 1, 1, 1, 1, 
1, 1, 1, 1, 1, 1, 2, 2, 2, 1, 1, 1, 1, 2, 1, 1, 1, 2, 1, 1, 1, 
1, 1, 1, 1, 2, 1, 1, 1, 1, 1, 1, 1, 1, 1, 2, 1, 1, 2, 2, 1, 1, 
1, 2, 1, 2, 2, 1, 1, 2, 1, 1, 1, 2, 1, 1, 1, 2, 1, 1, 2, 1, 1, 
1, 2, 1, 1, 1, 1, 1, 1, 1, 2, 1, 1, 2, 1, 2, 1, 2, 1, 1, 1, 2, 
1, 2, 2, 1, 1, 2, 1, 1, 2, 1, 1, 1, 2, 1, 2, 1, 1, 2, 1, 1, 2, 
2, 2, 2, 1, 2, 1, 2, 1, 2, 1, 1, 2, 1, 2, 1, 1, 1, 1, 2, 1, 1, 
1, 1, 1, 1, 2, 1, 2, 1, 1, 2, 1, 2, 1, 1, 1, 1, 1, 1, 1, 1, 2, 
1, 2, 1, 1, 2, 2, 1, 1, 1, 2, 1, 1, 1, 2, 1, 1, 2, 1, 1, 2, 1, 
1, 2, 1, 1, 2, 2, 2, 1, 1, 1, 1, 2, 1, 2, 2, 1, 2, 1, 1, 2, 1, 
2, 1, 1, 1, 2, 2, 2, 1, 1, 1, 2, 2, 1, 1, 1, 1, 1, 1, 2, 2, 1, 
2, 1, 2, 1, 2, 1, 1, 1, 1, 2, 1, 1, 1, 1, 2, 2, 1, 2, 1, 1, 1, 
2, 1, 1, 2, 2, 1, 1, 2, 2, 1, 1, 1, 2, 1, 2, 1, 1, 2, 1, 2, 2, 
1, 1, 1, 1, 2, 1, 1, 1, 1, 1, 2, 1, 1, 1, 1, 1, 1, 1, 1, 1, 1, 
1, 2, 2, 1, 1, 1, 2, 2, 2, 1, 1, 2, 2, 2, 1, 1, 1, 1, 2, 2, 2, 
2, 1, 1, 1, 1, 1, 2, 1, 1, 2, 1, 1, 1, 1, 2, 2, 1, 1, 2, 1, 1, 
1, 1, 1, 2, 1, 1, 1, 2, 2, 1, 1, 1, 2, 1, 2, 2, 1, 2, 1, 2, 1, 
1, 2, 1, 2, 1, 2, 1, 2, 1, 1, 2, 1, 1, 1, 2, 2, 1, 2, 2, 2, 1, 
2, 1, 1, 1, 2, 1, 2, 2, 2, 1, 2, 2, 1, 1, 1, 1, 2, 2, 2, 1, 1, 
2, 1, 1, 1, 1, 2, 1, 2, 1, 1, 1, 1, 2, 1, 2, 1, 2, 2, 1, 2, 1, 
1, 1, 2, 1, 2, 2, 1, 1, 1, 1, 1, 1, 1, 2, 1, 2, 2, 1, 1, 2, 1, 
2, 1, 2, 2, 1, 1, 1, 1, 1, 1, 1, 2, 2, 1, 1, 1, 2, 2, 2, 1, 1, 
1, 1, 2, 2, 2, 2, 1, 1, 2, 1, 2, 1, 1, 1, 2, 2, 1, 1, 2, 2, 2, 
1, 2, 1, 1, 1, 1, 1, 1, 2, 1, 2, 1, 1, 2, 1, 1, 1, 1, 1, 1, 1, 
2, 2, 1, 2, 1, 2, 1, 1, 2, 1, 2, 1, 1, 1, 1, 1, 2, 1, 1, 1, 2, 
1, 2, 1, 1, 1, 1, 1, 2, 2, 1, 2, 2, 1, 1, 2, 1, 2, 1, 1, 2, 1, 
1, 2, 1, 2, 2, 1, 1, 2, 2, 1, 1, 2, 1, 2, 1, 2, 1, 1, 2, 1, 2, 
1, 1, 1, 1, 2, 2, 2, 2, 2, 1, 1, 2, 2, 1, 1, 2, 1, 2, 2, 1, 1, 
1, 1, 2, 2, 1, 1, 1, 2, 2, 2, 1, 2, 1, 1, 2, 1, 2, 2, 1, 1, 1, 
2, 1, 2, 2, 1, 2, 1, 2, 1, 1, 2, 1, 2, 1, 1, 2, 1, 2, 1, 1, 2, 
1, 1, 1, 1, 1, 2, 1, 1, 1, 2, 2, 2, 2, 1, 2, 2, 1, 1, 1, 1, 1, 
2, 1, 1, 2, 1, 2, 1, 2, 2, 1, 2, 1, 1, 1, 1, 1, 2, 2, 2, 1, 2, 
2, 2, 1, 1, 1, 2, 1, 2, 2, 1, 1, 1, 1, 2, 1, 2, 1, 1, 2, 1, 1, 
2, 1, 2, 2, 1, 1, 2, 2, 2, 2, 1, 2, 1, 1, 1, 1, 2, 1, 1, 1, 1, 
1, 2, 1, 1, 1, 1, 1, 1, 1, 1, 1, 1, 1, 2, 2, 1, 1, 2, 1, 1, 2, 
2, 1, 1, 1, 2, 2, 1, 1, 1, 2, 1, 2, 2, 2, 2, 2, 1, 2, 1, 1, 1, 
1, 1, 1, 1, 1, 1, 1, 2, 1, 2, 2, 1, 2, 2, 2, 2, 1, 1, 1, 1, 2, 
1, 2, 1, 2, 1, 2, 1, 2, 1, 2, 2, 2, 1, 1, 1, 2, 2, 1, 1, 1, 1, 
1, 1, 1, 1, 1, 1, 1, 1, 2, 2, 2, 1, 2, 1, 2, 2, 2, 2, 2, 1, 1, 
1, 1, 2, 2, 1, 1, 2, 1, 1, 2, 1, 1, 1, 1, 1, 2, 1, 1, 1, 1, 2, 
1, 1, 2, 2, 2, 1, 1, 2, 2, 2, 1, 1, 1, 1, 1, 2, 1, 1, 2, 1, 1, 
1, 1, 1, 2, 1, 2, 1, 1, 1, 2, 1, 2, 1, 2, 2, 1, 1, 1, 2, 1, 2, 
1, 2, 1, 1, 1, 1, 1, 1, 1, 1, 1, 2, 1, 2, 2, 1, 1, 1, 1, 1, 2, 
2, 2, 2, 1, 1, 1, 2, 2, 1, 2, 2, 1, 1, 2, 1, 2, 1, 1, 2, 2, 1, 
1, 2, 1, 1, 1, 1, 2, 1, 1, 1, 2, 2, 1, 1, 1, 1, 2, 1, 2, 1, 2, 
2, 1, 1, 1, 2, 1, 2, 1, 1, 1, 2, 1, 2, 2, 2, 1, 2, 1, 1, 1, 1, 
1, 1, 2, 1, 1, 1, 1, 2, 2, 1, 1, 1), .Dim = c(10000L, 2L), .Dimnames = list(
    NULL, c("Heparin", "Enoxaparin")), class = "smaa.ranks")
